NOAA 15                 
1 25338U 98030A   21119.11103944  .00000063  00000-0  44735-4 0  9994
2 25338  98.6868 148.0665 0011439  67.8645 292.3748 14.26025292194217
NOAA 18                 
1 28654U 05018A   21118.86483350  .00000082  00000-0  68879-4 0  9991
2 28654  98.9975 183.5237 0015134  64.9325 295.3415 14.12601378821447
METOP-A                 
1 29499U 06044A   21119.13397928  .00000014  00000-0  25322-4 0  9996
2 29499  98.4774 160.3601 0001791  88.5911   3.3187 14.21496996753739
NOAA 19                 
1 33591U 09005A   21119.10659427  .00000060  00000-0  57998-4 0  9991
2 33591  99.1873 138.5811 0012910 270.7705  89.1987 14.12463318629954
METOP-B                 
1 38771U 12049A   21119.17030520  .00000016  00000-0  27267-4 0  9999
2 38771  98.7192 179.8602 0002053 126.7569 245.4182 14.21475650446873
SARAL                   
1 39086U 13009A   21118.85245282 -.00000003  00000-0  14988-4 0  9996
2 39086  98.5464 305.6446 0001948  71.1916 288.9479 14.32050193427142
METOP-C                 
1 43689U 18087A   21119.13535046  .00000022  00000-0  29944-4 0  9991
2 43689  98.6901 180.2755 0003197 140.6443 219.4967 14.21493584128443
ANGELS                  
1 44876U 19092D   21118.45639496  .00000601  00000-0  34088-4 0  9993
2 44876  97.4675 302.7693 0012570   8.0337 352.1095 15.16674081 75326
