GOES 1 (SMS-C) [-]      
1 08366U 75100A   21118.63424385  .00000038  00000-0  00000-0 0  9995
2 08366   9.2548 301.0198 0001294  30.1604 344.9653  1.00268806166261
GOES 2 [-]              
1 10061U 77048A   21118.44460903 -.00000192  00000-0  00000+0 0  9999
2 10061  10.7610 311.6102 0014294  17.5507 337.3119  0.99396536104871
GOES 3 [-]              
1 10953U 78062A   21118.71456772  .00000011  00000-0  00000-0 0  9995
2 10953  11.0462 315.8036 0003774  78.3000 283.9185  0.99361886109904
GOES 4 [-]              
1 11964U 80074A   21118.98229472 -.00000175  00000-0  00000+0 0  9999
2 11964  11.9643 319.5850 0035572  59.4911 298.4631  0.99229007109022
GOES 5 [-]              
1 12472U 81049A   21118.71831887  .00000069  00000-0  00000-0 0  9999
2 12472  12.6391 330.5637 0002664  48.2628 319.5238  1.00239667104049
GOES 6 [-]              
1 14050U 83041A   21118.63195918  .00000048  00000-0  00000-0 0  9993
2 14050  13.1148 335.7339 0004237  85.9607 249.6633  1.00254981197206
GOES 7 [-]              
1 17561U 87022A   21118.61904440 -.00000121  00000-0  00000-0 0  9995
2 17561  14.5714 352.0880 0008135  34.7426 136.9881  0.99889603108224
GOES 8 [-]              
1 23051U 94022A   21118.23531216  .00000027  00000-0  00000-0 0  9993
2 23051  12.8220  27.1936 0009023   1.1596 158.9069  0.98903175105570
GOES 9 [-]              
1 23581U 95025A   21118.22869477 -.00000198  00000-0  00000-0 0  9997
2 23581  12.3107  27.3182 0007238  50.7332 169.5793  0.98800781 94226
GOES 10 [-]             
1 24786U 97019A   21118.51392234  .00000028  00000-0  00000-0 0  9995
2 24786  10.9570  33.2077 0023040 194.3477  30.0680  0.99122660 87475
GOES 11 [-]             
1 26352U 00022A   21118.61402420 -.00000030  00000-0  00000-0 0  9998
2 26352   7.8170  62.5354 0002629 311.8387 266.0777  0.99043643 33894
GOES 12 [-]             
1 26871U 01031A   21117.32062550 -.00000246  00000-0  00000-0 0  9997
2 26871   8.7838  50.8246 0008807 311.7436 307.9262  0.99140583 72156
EWS-G1 (GOES 13) [+]    
1 29155U 06018A   21118.85069699  .00000032  00000-0  00000-0 0  9997
2 29155   0.2349 272.1525 0002126 281.5497  31.0933  1.00271907 24566
GOES 14 [B]             
1 35491U 09033A   21119.04455983 -.00000099  00000-0  00000+0 0  9997
2 35491   0.1870 115.1378 0009509 101.0717 272.7797  1.00271695 43353
GOES 15 [B]             
1 36411U 10008A   21118.63596451  .00000045  00000-0  00000-0 0  9995
2 36411   0.0773 206.2732 0004971 208.2738 263.6888  1.00283201 40874
GOES 16 [+]             
1 41866U 16071A   21118.37185431 -.00000252  00000-0  00000+0 0  9994
2 41866   0.0274 283.3173 0001525 134.3631 217.5560  1.00269875 16293
GOES 17 [+]             
1 43226U 18022A   21118.71840611  .00000093  00000-0  00000-0 0  9993
2 43226   0.0296 279.4838 0000767 154.9766 263.8713  1.00272233 11603
