INTELSAT 26 (IS-26)     
1 24732U 97007A   21118.89804240 -.00000002  00000-0  00000+0 0  9991
2 24732   9.4851  41.1385 0008516  11.3191 191.5429  1.00272751 88478
GALAXY 25 (G-25)        
1 24812U 97026A   21118.75234087  .00000151  00000-0  00000-0 0  9997
2 24812   2.6769  87.6122 0005221 348.1113  84.9105  1.00273087 87578
INTELSAT 5 (IS-5)       
1 24916U 97046A   21118.62818865  .00000086  00000-0  00000-0 0  9999
2 24916   6.3585  63.7312 0004232 342.9486 259.2663  1.00270923 86810
GALAXY 11 (G-11)        
1 26038U 99071A   21119.08604111 -.00000167  00000-0  00000+0 0  9994
2 26038   1.9637  93.2147 0000386 121.1732 300.7576  1.00271210 78273
INTELSAT 9 (IS-9)       
1 26451U 00043A   21118.73567882 -.00000291  00000-0  00000+0 0  9996
2 26451   6.3463  63.9151 0003743 340.7833  27.0594  1.00268429 76048
INTELSAT 12 (IS-12)     
1 26590U 00068A   21119.11744604  .00000008  00000-0  00000+0 0  9994
2 26590   3.6775  83.4151 0007636 346.7689 253.6127  1.00271066 74997
INTELSAT 1R (IS-1R)     
1 26608U 00072A   21118.84882380 -.00000142  00000-0  00000-0 0  9993
2 26608   3.4725  83.5720 0000622 191.2149  44.9199  1.00271816 22519
INTELSAT 10 (IS-10)     
1 26766U 01019A   21118.82618899 -.00000341  00000-0  00000+0 0  9990
2 26766   4.6121  76.6917 0005647 337.0392 222.0865  1.00623997 73123
INTELSAT 901 (IS-901)   
1 26824U 01024A   21119.09912648 -.00000208  00000-0  00000+0 0  9992
2 26824   0.0586  85.6409 0001209 330.0218 169.7848  1.00269984 72780
INTELSAT 902 (IS-902)   
1 26900U 01039A   21118.87926912 -.00000287  00000-0  00000-0 0  9995
2 26900   1.3796  93.3670 0003433 321.8003  68.3387  1.00272485 71892
INTELSAT 904 (IS-904)   
1 27380U 02007A   21118.88345646 -.00000218  00000-0  00000-0 0  9998
2 27380   2.2164  90.1611 0003686 317.3850  98.0697  1.00271194 32969
DIRECTV 5 (TEMPO 1)     
1 27426U 02023A   21118.86731781 -.00000061  00000-0  00000-0 0  9990
2 27426   0.0972  95.3101 0003530 311.5473  12.3121  1.00271868 69317
INTELSAT 905 (IS-905)   
1 27438U 02027A   21118.88441604 -.00000189  00000-0  00000-0 0  9992
2 27438   2.0377  90.9689 0002905 306.8982 113.0961  1.00271579 32567
GALAXY 3C (G-3C)        
1 27445U 02030A   21119.08569216 -.00000156  00000-0  00000+0 0  9990
2 27445   0.0203 292.2270 0001683  45.1522 175.6691  1.00271264 69159
INTELSAT 906 (IS-906)   
1 27513U 02041A   21118.92966097  .00000010  00000-0  00000-0 0  9997
2 27513   1.0448  95.2087 0003116 299.7628 220.9740  1.00271122 68220
GALAXY 12 (G-12)        
1 27715U 03013B   21118.63493674  .00000055  00000-0  00000-0 0  9994
2 27715   2.2508  89.6447 0002207 317.3230 269.4243  1.00270714 33287
GALAXY 23 (G-23)        
1 27854U 03034A   21119.00872719  .00000008  00000-0  00000+0 0  9991
2 27854   0.0070 197.8811 0002897 201.9758  59.4798  1.00271069 69742
GALAXY 13 (HORIZONS 1)  
1 27954U 03044A   21118.63596542  .00000044  00000-0  00000-0 0  9999
2 27954   0.0148 278.8047 0000494  14.7476  25.1987  1.00272329 27764
INTELSAT 10-02          
1 28358U 04022A   21118.74553647 -.00000016  00000-0  00000+0 0  9995
2 28358   0.0571  84.4222 0001228 330.2759  69.6166  1.00271347 61821
XM-3 (RHYTHM)           
1 28626U 05008A   21119.08769859 -.00000210  00000-0  00000+0 0  9996
2 28626   0.0127 266.4252 0002759 188.6010  68.6369  1.00268682 59263
DIRECTV 8               
1 28659U 05019A   21118.62439759 -.00000003  00000-0  00000-0 0  9997
2 28659   0.0130 260.7860 0003089 150.5373 271.2155  1.00269890 58268
GALAXY 28 (G-28)        
1 28702U 05022A   21119.08691346 -.00000191  00000-0  00000+0 0  9990
2 28702   0.0145 156.7935 0002578 209.9364 152.8179  1.00270233 58028
GALAXY 14 (G-14)        
1 28790U 05030A   21118.87743716 -.00000289  00000-0  00000-0 0  9990
2 28790   0.2332  93.8416 0003537 286.6860  93.1113  1.00518636 57508
GALAXY 15 (G-15)        
1 28884U 05041A   21118.86091208  .00000074  00000-0  00000-0 0  9998
2 28884   0.0184 272.6817 0001974 134.4215 346.8820  1.00274443 56815
SPACEWAY 2              
1 28903U 05046B   21118.71805716  .00000100  00000-0  00000-0 0  9996
2 28903   0.9396  91.7790 0000353 265.0474 339.6660  1.00270822 32531
GALAXY 16 (G-16)        
1 29236U 06023A   21118.84980038 -.00000132  00000-0  00000-0 0  9993
2 29236   0.0161 274.7469 0003038 131.0681  18.1379  1.00270745 54166
DIRECTV 9S              
1 29494U 06043A   21118.84980038 -.00000118  00000-0  00000-0 0  9995
2 29494   0.0324 138.8187 0003215 265.2313  17.7028  1.00270987 32574
XM-4 (BLUES)            
1 29520U 06049A   21118.85535475 -.00000028  00000-0  00000-0 0  9993
2 29520   0.0163 296.0252 0000423 151.1447 322.5786  1.00271085 32662
GALAXY 17 (G-17)        
1 31307U 07016B   21118.87115618 -.00000179  00000-0  00000-0 0  9996
2 31307   0.0440  76.7284 0003462 327.9080  35.0404  1.00271460 50992
DIRECTV 10              
1 31862U 07032A   21118.63626883 -.00000108  00000-0  00000-0 0  9997
2 31862   0.0049  29.6982 0000107  45.9925 267.4039  1.00272177 26807
SPACEWAY 3              
1 32018U 07036A   21119.08569216 -.00000157  00000-0  00000+0 0  9994
2 32018   0.0029 355.6589 0000374  60.5068  96.9927  1.00271451 50320
INTELSAT 11 (IS-11)     
1 32253U 07044B   21118.88075213 -.00000273  00000-0  00000-0 0  9990
2 32253   0.0072 228.9201 0002038 183.8349  78.3877  1.00270352 49709
HORIZONS 2              
1 32388U 07063B   21118.88625082 -.00000188  00000-0  00000-0 0  9990
2 32388   0.0141 285.3841 0003268 116.2842 219.2953  1.00270708 49016
DIRECTV 11              
1 32729U 08013A   21119.08481980 -.00000131  00000-0  00000+0 0  9992
2 32729   0.0080  38.1260 0000076 311.6945 158.7842  1.00271162 48136
GALAXY 18 (G-18)        
1 32951U 08024A   21118.85535475  .00000020  00000-0  00000-0 0  9991
2 32951   0.0162 265.8929 0003190 134.8498   1.2090  1.00271751 27041
INTELSAT 25 (IS-25)     
1 33153U 08034A   21118.91505782 -.00000229  00000-0  00000-0 0  9994
2 33153   0.0150 245.8406 0003215 155.0063 114.1665  1.00270801 46893
GALAXY 19 (G-19)        
1 33376U 08045A   21119.08525598 -.00000145  00000-0  00000+0 0  9995
2 33376   0.0101 254.9290 0003514 159.4418  96.5865  1.00271576 46033
FM-5                    
1 35493U 09034A   21119.08743688 -.00000206  00000-0  00000+0 0  9996
2 35493   0.0222 298.0621 0000957 101.6683 122.8689  1.00270162 43176
INTELSAT 14 (IS-14)     
1 36097U 09064A   21118.73681288 -.00000278  00000-0  00000-0 0  9998
2 36097   0.0121 267.3693 0002834 141.5048  28.3173  1.00271253 41805
INTELSAT 15 (IS-15)     
1 36106U 09067A   21119.04981530 -.00000191  00000-0  00000+0 0  9993
2 36106   0.0132 294.5995 0002591 120.8139 264.8997  1.00271679 41797
DIRECTV 12              
1 36131U 09075A   21118.63626826 -.00000108  00000-0  00000-0 0  9997
2 36131   0.0123 211.8750 0000166 143.9134 347.3724  1.00271298 27755
INTELSAT 16 (IS-16)     
1 36397U 10006A   21118.51518286 -.00000249  00000-0  00000+0 0  9999
2 36397   0.0091 278.6630 0002380 143.5878 263.7289  1.00271782 40910
XM-5                    
1 37185U 10053A   21118.82132745 -.00000210  00000-0  00000-0 0  9992
2 37185   0.0143 231.4982 0004869 355.9501 200.0697  1.00269822 38676
INTELSAT 17 (IS-17)     
1 37238U 10065B   21119.04702175 -.00000007  00000-0  00000+0 0  9992
2 37238   0.0228 169.5138 0002516 237.6267 253.0188  1.00270346 38110
INTELSAT NEW DAWN       
1 37392U 11016A   21118.60875057  .00000151  00000-0  00000-0 0  9991
2 37392   0.0143 232.4330 0001184 184.2742  52.0407  1.00272003 34496
INTELSAT 18 (IS-18)     
1 37834U 11056A   21118.59811001  .00000048  00000-0  00000-0 0  9998
2 37834   0.0268 311.6191 0002400 105.1660 195.3287  1.00269570 35003
INTELSAT 22 (IS-22)     
1 38098U 12011A   21119.11901627 -.00000064  00000-0  00000+0 0  9994
2 38098   0.0042 257.1042 0002643 141.6890 293.4538  1.00271619 33244
INTELSAT 19 (IS-19)     
1 38356U 12030A   21118.63527028 -.00000061  00000-0  00000-0 0  9995
2 38356   0.0205 244.2791 0003428 161.3549 205.8847  1.00270157 31639
INTELSAT 20 (IS-20)     
1 38740U 12043A   21118.84841185 -.00000030  00000-0  00000-0 0  9998
2 38740   0.0136 180.0664 0001030  17.3917  33.5044  1.00271732 31940
INTELSAT 21 (IS-21)     
1 38749U 12045A   21118.78521535 -.00000289  00000-0  00000-0 0  9992
2 38749   0.0135 268.3334 0002865 155.8999  17.4305  1.00271348 31727
INTELSAT 23 (IS-23)     
1 38867U 12057A   21118.73515542 -.00000290  00000-0  00000+0 0  9993
2 38867   0.0107 247.8615 0001899 155.7766  24.9435  1.00269696 31302
FM-6                    
1 39360U 13058A   21118.85535475 -.00000022  00000-0  00000-0 0  9998
2 39360   0.0290 276.3782 0000521 350.1781 142.2459  1.00270881 27252
INTELSAT 30 (IS-30)     
1 40271U 14062A   21119.08569216 -.00000156  00000-0  00000+0 0  9990
2 40271   0.0195 270.9272 0001707 181.1001  61.0311  1.00270057 23961
DIRECTV 14              
1 40333U 14078B   21119.17132712 -.00000131  00000-0  00000+0 0  9996
2 40333   0.0179 164.8867 0000175 240.7309 134.1745  1.00270294 23443
DIRECTV 15              
1 40663U 15026A   21118.63626868 -.00000107  00000-0  00000-0 0  9990
2 40663   0.0380  90.3959 0000702  86.1796 166.4348  1.00272350 21659
SKY MEXICO-1            
1 40664U 15026B   21119.16577000 -.00000240  00000-0  00000+0 0  9990
2 40664   0.0214 259.7415 0002806 154.8620 143.6358  1.00269093 21737
INTELSAT 34 (IS-34)     
1 40874U 15039A   21118.81507773 -.00000290  00000-0  00000-0 0  9994
2 40874   0.0168 274.1533 0000309 306.1172 234.6620  1.00269627 20836
INTELSAT 31 (IS-31)     
1 41581U 16035A   21118.51143171 -.00000155  00000-0  00000-0 0  9992
2 41581   0.0172 249.0865 0002087 325.7911  90.8840  1.00271855 17792
INTELSAT 36 (IS-36)     
1 41747U 16053A   21119.11831840 -.00000030  00000-0  00000+0 0  9991
2 41747   0.0207 311.0068 0001597  60.8151 316.5586  1.00271723 17168
INTELSAT 33E (IS-33E)   
1 41748U 16053B   21118.75774949  .00000044  00000-0  00000-0 0  9992
2 41748   0.0298 320.6839 0001786  96.8708 132.1605  1.00271975 17442
INTELSAT 32E (IS-32E)   
1 41945U 17007B   21118.73716183 -.00000274  00000-0  00000+0 0  9990
2 41945   0.0103 252.2496 0000262 180.1955   6.6693  1.00269358 15446
INTELSAT 35E (IS-35E)   
1 42818U 17041A   21118.73881931 -.00000243  00000-0  00000+0 0  9998
2 42818   0.0130 210.8297 0002302 197.8459  39.7309  1.00271082 14038
INTELSAT 37E (IS-37E)   
1 42950U 17059A   21119.13747418 -.00000147  00000-0  00000+0 0  9993
2 42950   0.0249 251.4512 0002893 175.0209 182.3170  1.00269244 13243
AZERSPACE 2 (IS-38)     
1 43632U 18074A   21119.11360765  .00000131  00000-0  00000+0 0  9995
2 43632   0.0210 241.5488 0001593 162.6397 259.0999  1.00268908  9687
HORIZONS 3E             
1 43633U 18074B   21118.72340788 -.00000036  00000-0  00000-0 0  9991
2 43633   0.0197  29.1902 0000874 283.5662 333.5597  1.00270937  9533
AT&T T-16               
1 44333U 19034A   21118.84980038 -.00000120  00000-0  00000-0 0  9991
2 44333   0.0177 267.6158 0000784 300.0329 214.4504  1.00269763  6836
INTELSAT 39 (IS-39)     
1 44476U 19049B   21119.14020412  .00000028  00000-0  00000+0 0  9995
2 44476   0.0177 266.6074 0000390 259.3365 163.7823  1.00270514  6352
GALAXY 30               
1 46114U 20056C   21118.85535475  .00000032  00000-0  00000-0 0  9999
2 46114   0.0297 113.2738 0002174 290.2870 356.4040  1.00271051  2543
