SCD 1                   
1 22490U 93009B   21118.65756123  .00000257  00000-0  20646-4 0  9992
2 22490  24.9692 250.8825 0043144 116.0070 267.2253 14.44606828489553
TECHSAT 1B (GO-32)      
1 25397U 98043D   21118.64851879 -.00000006  00000-0  17031-4 0  9994
2 25397  98.7673  64.3477 0000827 168.0767 192.0431 14.23706617184405
SCD 2                   
1 25504U 98060A   21118.94756157  .00000236  00000-0  15801-4 0  9996
2 25504  24.9952 101.1427 0017423 132.5203 256.0128 14.44123199188906
LANDSAT 7               
1 25682U 99020A   21119.14031737 -.00000030  00000-0  30219-5 0  9997
2 25682  98.0358 177.7416 0001269  70.5664 289.5664 14.57202454172214
DLR-TUBSAT              
1 25757U 99029B   21119.10106290  .00000005  00000-0  12911-4 0  9991
2 25757  98.4498  53.7168 0013436 306.5974  53.3984 14.51441360161279
TERRA                   
1 25994U 99068A   21119.13429587  .00000096  00000-0  31289-4 0  9996
2 25994  98.1776 194.4557 0001363 100.7430 346.0187 14.57126983136287
MAROC-TUBSAT            
1 27004U 01056D   21118.77686087 -.00000041  00000-0  47590-5 0  9993
2 27004  99.5616 255.5190 0018992 282.0805 182.3702 13.70146097969355
AQUA                    
1 27424U 02022A   21119.15038494  .00000140  00000-0  41053-4 0  9995
2 27424  98.2065  61.1901 0002492  81.9618 341.4238 14.57117636  9891
IRS-P6 (RESOURCESAT-1)  
1 28051U 03046A   21119.18770101 -.00000444  00000-0 -14062-3 0  9998
2 28051  98.4481 195.4052 0058902 168.0444 192.2107 14.34187323911648
SHIYAN 1 (SY-1)         
1 28220U 04012A   21118.64876324 -.00000181  00000-0 -94069-5 0  9999
2 28220  97.8889  97.2886 0012878 278.0742  81.9020 15.00338916927858
FORMOSAT-2 (ROCSAT 2)   
1 28254U 04018A   21119.11057338 -.00000282  00000-0 -16183-3 0  9992
2 28254  98.6810 143.7017 0002608 120.3889 288.7704 14.00684991866250
AURA                    
1 28376U 04026A   21118.66323410  .00000140  00000-0  41208-4 0  9990
2 28376  98.2064  62.8652 0001523  73.1027 287.0338 14.57122564892824
IRS-P5 (CARTOSAT-1)     
1 28649U 05017A   21118.85019094  .00000147  00000-0  23967-4 0  9994
2 28649  97.7711 186.3226 0002733 111.8550 248.2956 14.83780205865257
SINAH 1                 
1 28893U 05043D   21118.67112058  .00000027  00000-0  14815-4 0  9997
2 28893  98.0610 246.3982 0015948  37.9945 322.2378 14.61568370826367
EROS B                  
1 29079U 06014A   21119.19804580  .00003287  00000-0  14224-3 0  9993
2 29079  97.3983 240.2294 0005908 295.5518 182.6852 15.23124522833292
RESURS-DK 1             
1 29228U 06021A   21118.49091294  .00000219  00000-0  23743-4 0  9998
2 29228  69.9339 105.9239 0006465 311.4129  48.6475 15.02680906820040
ARIRANG-2 (KOMPSAT-2)   
1 29268U 06031A   21119.17494281  .00000153  00000-0  39213-4 0  9998
2 29268  97.9486   0.3026 0015870 235.5525 124.4185 14.62357040787358
LAPAN-TUBSAT            
1 29709U 07001A   21119.16283709  .00000043  00000-0  12083-4 0  9990
2 29709  97.9082  80.1377 0013100 157.9138 202.2644 14.82278442773132
CARTOSAT-2 (IRS-P7)     
1 29710U 07001B   21118.82079817  .00004446  00000-0  13649-3 0  9996
2 29710  97.8752 198.9249 0172851  59.4103 302.4054 15.20896889773109
HAIYANG-1B              
1 31113U 07010A   21119.06025145  .00000001  00000-0  16593-4 0  9993
2 31113  98.3622 156.1599 0013775   5.1323 354.9999 14.30266029733277
COSMO-SKYMED 1          
1 31598U 07023A   21119.15704795  .00000362  00000-0  52078-4 0  9997
2 31598  97.8896 303.7481 0001543  89.4216 270.7143 14.82152803751599
TERRASAR-X              
1 31698U 07026A   21119.13148949 -.00000001  00000-0  31474-5 0  9991
2 31698  97.4446 127.6357 0002034  86.7807 338.5515 15.19150844769223
WORLDVIEW-1 (WV-1)      
1 32060U 07041A   21118.57595280  .00001414  00000-0  60759-4 0  9998
2 32060  97.3653 239.0665 0003334  84.9881 275.1737 15.24293854757181
YAOGAN 3                
1 32289U 07055A   21119.14923624  .00000229  00000-0  36246-4 0  9994
2 32289  97.9754 138.7210 0001862  88.0532 272.0904 14.81084171727715
COSMO-SKYMED 2          
1 32376U 07059A   21119.12331525  .00001047  00000-0  13804-3 0  9999
2 32376  97.8894 303.7178 0001364  93.4177 266.7153 14.82158907724336
RADARSAT-2              
1 32382U 07061A   21119.18686616  .00000062  00000-0  40929-4 0  9994
2 32382  98.5758 127.1531 0001295  96.5588 353.6818 14.29984390698095
CARTOSAT-2A             
1 32783U 08021A   21119.14623638  .00000353  00000-0  54966-4 0  9996
2 32783  97.8770 179.4267 0014206  70.5671 289.7085 14.78706473701798
HUANJING 1A (HJ-1A)     
1 33320U 08041A   21119.07851799 -.00000167  00000-0 -16541-4 0  9991
2 33320  97.7412 165.3236 0027855 119.2712 241.1161 14.77138513681190
HUANJING 1B (HJ-1B)     
1 33321U 08041B   21119.10116779  .00000224  00000-0  38215-4 0  9992
2 33321  97.7488 168.0531 0035322 153.3478 206.9575 14.77359325681204
GEOEYE 1                
1 33331U 08042A   21119.15895100  .00000106  00000-0  29039-4 0  9994
2 33331  98.0999 194.7656 0010105 134.7134 225.4921 14.64383331675736
THEOS                   
1 33396U 08049A   21119.19371774  .00000169  00000-0  10000-3 0  9998
2 33396  98.6931 187.6140 0001312 102.4243 317.1333 14.20050153651871
COSMO-SKYMED 3          
1 33412U 08054A   21119.17392634  .00000004  00000-0  70540-5 0  9994
2 33412  97.8893 303.7648 0001498  95.3213 264.8148 14.82153509676803
YAOGAN 4                
1 33446U 08061A   21119.09652584  .00000100  00000-0  21062-4 0  9994
2 33446  97.7714  68.1797 0017255  40.7391 319.5107 14.77088852668421
GOSAT (IBUKI)           
1 33492U 09002A   21118.86676019  .00000149  00000-0  34741-4 0  9995
2 33492  98.0814 231.2666 0001551 105.4372 254.7004 14.67542796656418
YAOGAN 6                
1 34839U 09021A   21119.02672532  .00001156  00000-0  45194-4 0  9990
2 34839  97.0482 115.6899 0026825 339.9468  20.0716 15.27440523667966
DEIMOS-1                
1 35681U 09041A   21119.13518995  .00000129  00000-0  28030-4 0  9991
2 35681  97.7674 345.2634 0002964 104.6724 255.4812 14.71888061630827
DUBAISAT-1              
1 35682U 09041B   21119.02348727  .00000174  00000-0  37567-4 0  9999
2 35682  97.7541 287.1497 0010624 322.6396  37.4040 14.68877924629440
OCEANSAT-2              
1 35931U 09051A   21119.10161177  .00000096  00000-0  35471-4 0  9993
2 35931  98.2912 215.8377 0002462 128.3391 231.8020 14.50857925614180
WORLDVIEW-2 (WV-2)      
1 35946U 09055A   21119.16935617  .00000014  00000-0  19037-4 0  9997
2 35946  98.4862 194.3597 0002203 123.0967 237.0449 14.37665218606384
SMOS                    
1 36036U 09059A   21118.76410777  .00000092  00000-0  43229-4 0  9998
2 36036  98.4447 307.2607 0001287 103.0885 257.0447 14.39761495603595
YAOGAN 7                
1 36110U 09069A   21119.06588735  .00000108  00000-0  23873-4 0  9997
2 36110  98.2423 327.1761 0023170 287.8507  72.0178 14.75480243613034
TANDEM-X                
1 36605U 10030A   21118.28583230  .00000115  00000-0  86855-5 0  9992
2 36605  97.4459 126.8042 0002025  85.0815  38.3696 15.19152287601833
CARTOSAT-2B             
1 36795U 10035A   21119.11429149 -.00000094  00000-0 -58580-5 0  9990
2 36795  97.8739 178.8073 0014467 136.7449 223.4974 14.78687308582834
YAOGAN 10               
1 36834U 10038A   21119.14032099  .00000096  00000-0  19203-4 0  9992
2 36834  97.9808 126.8574 0001794  77.8608 282.2809 14.81040615579458
COSMO-SKYMED 4          
1 37216U 10060A   21119.20347346  .00000076  00000-0  16064-4 0  9993
2 37216  97.8896 303.7923 0001588  80.8323 279.3056 14.82158736566892
RESOURCESAT-2           
1 37387U 11015A   21119.15181689  .00000016  00000-0  27100-4 0  9990
2 37387  98.6429 194.2416 0004075 170.4557 189.6705 14.21660067520297
HAIYANG-2A              
1 37781U 11043A   21118.99537863 -.00000036  00000-0  73546-5 0  9998
2 37781  99.3172 127.0981 0000618 138.8126 221.3073 13.78729434488524
RASAT                   
1 37791U 11044D   21119.10001289  .00000066  00000-0  21327-4 0  9993
2 37791  98.1006 213.4017 0022059 359.6275   0.4907 14.64826644518454
MEGHA-TROPIQUES         
1 37838U 11058A   21118.56387487  .00000290  00000-0  14865-4 0  9994
2 37838  19.9775 270.5944 0009240  56.5831 303.5457 14.09776996425201
SRMSAT                  
1 37841U 11058D   21118.69024102  .00000355  00000-0  50010-4 0  9998
2 37841  19.9715 241.8493 0011926 106.6019 281.5098 14.10693019492631
YAOGAN 13               
1 37941U 11072A   21119.15611076  .00001273  00000-0  64442-4 0  9993
2 37941  97.5864  61.0869 0003334  59.5073  64.8999 15.18867116521880
PLEIADES 1A             
1 38012U 11076F   21119.16370680  .00000006  00000-0  11059-4 0  9990
2 38012  98.2018 195.0670 0001241  93.3004 266.8351 14.58549463498684
ZIYUAN 1-02C (ZY 1-02C) 
1 38038U 11079A   21119.06762165  .00000046  00000-0  31533-4 0  9996
2 38038  98.6425 179.2577 0008311  58.4902 301.7101 14.35303478490045
ZIYUAN 3-1 (ZY 3-1)     
1 38046U 12001A   21119.19078800  .00001392  00000-0  65148-4 0  9995
2 38046  97.3832 194.1342 0003364 133.6232 310.6924 15.21378910516627
ARIRANG-3 (KOMPSAT-3)   
1 38338U 12025B   21119.10639561  .00000064  00000-0  22250-4 0  9995
2 38338  98.1831  59.5572 0009786 227.1328 132.9050 14.61666644477445
KANOPUS-V 1             
1 38707U 12039A   21119.22855392  .00001038  00000-0  51842-4 0  9996
2 38707  97.4647  40.3517 0001862  78.7566  78.2585 15.19684088486452
EXACTVIEW-1 (ADS-1B)    
1 38709U 12039C   21119.08907014 -.00000000  00000-0  20475-4 0  9998
2 38709  99.0651 168.9687 0011366 163.4607 196.6943 14.24046366455769
SPOT 6                  
1 38755U 12047A   21119.17957734  .00000010  00000-0  11972-4 0  9994
2 38755  98.2043 187.5194 0001390  95.6173 264.5190 14.58551293459766
PLEIADES 1B             
1 39019U 12068A   21119.12980376  .00000007  00000-0  11428-4 0  9996
2 39019  98.1968 195.1378 0001391  93.9822 266.1539 14.58552408447533
GOKTURK 2               
1 39030U 12073A   21119.23076582  .00000071  00000-0  18728-4 0  9993
2 39030  97.9117   5.4319 0001012 142.6662 217.4621 14.72808622448384
LANDSAT 8               
1 39084U 13008A   21119.14086904  .00000078  00000-0  27217-4 0  9990
2 39084  98.1861 190.2772 0001261  89.3795 270.7548 14.57123251436667
SARAL                   
1 39086U 13009A   21118.85245282 -.00000003  00000-0  14988-4 0  9996
2 39086  98.5464 305.6446 0001948  71.1916 288.9479 14.32050193427142
GAOFEN 1                
1 39150U 13018A   21119.11287111  .00000099  00000-0  21282-4 0  9994
2 39150  97.8334 193.3439 0018926 174.0834 186.0614 14.76566700431599
VNREDSAT 1              
1 39160U 13021B   21119.09812949  .00000096  00000-0  27788-4 0  9993
2 39160  98.1150 197.1502 0001302  93.4960 266.6396 14.62970958426031
ARIRANG-5 (KOMPSAT-5)   
1 39227U 13042A   21119.11836999  .00000107  00000-0  11974-4 0  9997
2 39227  97.6283 305.0826 0002261  77.1344  62.4530 15.04511554421986
YAOGAN 18               
1 39363U 13059A   21096.91111731  .15831590  24738-5  19630-3 0  9997
2 39363  97.1692 169.0587 0011679 256.3710 104.3251 16.49197280414219
SKYSAT-1                
1 39418U 13066C   21118.47537410  .00000258  00000-0  25966-4 0  9992
2 39418  97.5909 196.6318 0021438 216.8648 143.1103 14.99132007406473
DUBAISAT-2              
1 39419U 13066D   21119.06949213  .00000076  00000-0  12092-4 0  9991
2 39419  97.4960 165.8801 0012473 225.7568 134.2655 14.94294004405309
GPM-CORE                
1 39574U 14009C   21119.10464913  .00003516  00000-0  54454-4 0  9995
2 39574  65.0037 157.9868 0010599 279.2513  80.7434 15.55969846407160
SENTINEL-1A             
1 39634U 14016A   21119.07612195  .00000027  00000-0  15336-4 0  9993
2 39634  98.1819 127.5404 0001433  80.1707 279.9664 14.59199026376599
KAZEOSAT 1              
1 39731U 14024A   21119.09386779  .00000011  00000-0  16875-4 0  9990
2 39731  98.5043 192.0132 0001210  83.1970 276.9361 14.41971261368371
ALOS-2                  
1 39766U 14029A   21119.15366389 -.00000600  00000-0 -73488-4 0  9994
2 39766  97.9189 217.2206 0001554  74.6623 285.4869 14.79465560374372
KAZEOSAT 2              
1 40010U 14033A   21119.10927593  .00000002  00000-0  68113-5 0  9992
2 40010  97.7738  12.5453 0015662 358.8204   1.2994 14.82057156371070
HODOYOSHI-4             
1 40011U 14033B   21119.13628860  .00000174  00000-0  28761-4 0  9995
2 40011  97.7361   3.1281 0026923 355.2119   4.8836 14.81302491370758
DEIMOS-2                
1 40013U 14033D   21119.10266639  .00000237  00000-0  34047-4 0  9990
2 40013  97.7954  21.0907 0002537  59.3967 300.7512 14.84812176371704
HODOYOSHI-3             
1 40015U 14033F   21118.87839993  .00000106  00000-0  21148-4 0  9997
2 40015  97.6944 347.3483 0037372  15.7958 344.4410 14.78663422370047
SPOT 7                  
1 40053U 14034A   21119.21284800  .00000013  00000-0  12756-4 0  9992
2 40053  98.2205 187.2009 0001172  77.8732 282.2613 14.58541392363707
SKYSAT-2                
1 40072U 14037D   21118.54108994  .00000154  00000-0  27235-4 0  9994
2 40072  98.4571 320.2758 0005940 195.3162 164.7870 14.81400012367810
WORLDVIEW-3 (WV-3)      
1 40115U 14048A   21119.20822302 -.00010126  00000-0 -11820-2 0  9997
2 40115  97.8463 194.8788 0001940  65.0262 294.8571 14.85041186363668
GAOFEN 2                
1 40118U 14049A   21119.11828371  .00000162  00000-0  27715-4 0  9992
2 40118  97.8055 194.6723 0006617 214.2889 145.7903 14.80679788361788
YAOGAN 21               
1 40143U 14053A   21118.79440785 -.00021612  00000-0 -90423-3 0  9997
2 40143  97.3979 188.0796 0014378 234.2673 234.6598 15.23469244369417
YAOGAN 22               
1 40275U 14063A   21119.21326379 -.00000027  00000-0  47166-4 0  9997
2 40275 100.5212 236.5988 0007005 105.2420 254.9467 13.15428093313288
ASNARO                  
1 40298U 14070A   21119.16852439  .00001968  00000-0  95537-4 0  9994
2 40298  97.3920 201.4043 0001374  93.7565 349.7740 15.19635597359281
HODOYOSHI-1             
1 40299U 14070B   21119.07957998  .00001470  00000-0  62251-4 0  9996
2 40299  97.2883 193.9926 0013477 155.3523 289.0699 15.24640475359893
QSAT-EOS                
1 40301U 14070D   21119.17931576  .00004513  00000-0  16388-3 0  9995
2 40301  97.2568 192.0536 0025276 145.1757 267.3547 15.28502076360138
YAOGAN 23               
1 40305U 14071A   21119.19008784  .00001319  00000-0  66720-4 0  9995
2 40305  97.5596  63.8078 0002305  95.3983  16.0228 15.18805430357643
YAOGAN 24               
1 40310U 14072A   21119.10691103 -.00001920  00000-0 -26933-3 0  9997
2 40310  97.9296 240.8492 0018833 168.3155 191.8617 14.76236865347109
CBERS 4                 
1 40336U 14079A   21119.15636681 -.00000006  00000-0  13215-4 0  9990
2 40336  98.5235 193.8023 0000728 100.8134 259.3143 14.35430059334977
RESURS P2               
1 40360U 14087A   21119.20333138  .00001584  00000-0  50143-4 0  9995
2 40360  97.2280 207.7111 0010990 128.5003 315.8561 15.34178698354711
YAOGAN 26               
1 40362U 14088A   21118.46672090  .00001794  00000-0  77700-4 0  9999
2 40362  97.2032 180.9977 0011116  98.9374  26.5058 15.23596218352830
SMAP                    
1 40376U 15003A   21118.87408484  .00000066  00000-0  21764-4 0  9991
2 40376  98.1252 126.7682 0001856  91.7755 268.3660 14.63372377333356
KOMPSAT-3A              
1 40536U 15014A   21119.17738899  .00001134  00000-0  69443-4 0  9994
2 40536  97.5767  61.4926 0003476 131.9874 340.2177 15.12212428336433
SENTINEL-2A             
1 40697U 15028A   21119.20748281  .00000009  00000-0  19931-4 0  9994
2 40697  98.5704 194.8914 0001304  88.6745 271.4588 14.30813876305614
GAOFEN 8                
1 40701U 15030A   21119.19760713  .00001448  00000-0  63812-4 0  9990
2 40701  97.5079 247.1150 0009538 116.1909   4.3342 15.23418589325319
CARBONITE 1 (CBNT-1)    
1 40718U 15032D   21119.20383674  .00000245  00000-0  43759-4 0  9991
2 40718  97.7961 355.2612 0015276 274.8414  85.1055 14.74948573312356
YAOGAN 27               
1 40878U 15040A   21119.19537246 -.00000021  00000-0  58662-4 0  9993
2 40878 100.1830 162.4846 0008066 213.1204 146.9407 13.15968750272542
GAOFEN 9-01             
1 40894U 15047A   21119.07427870  .00000138  00000-0  27031-4 0  9990
2 40894  97.8575 196.5119 0034660 108.6776 251.8207 14.76323646303041
LAPAN-A2                
1 40931U 15052B   21118.69897544  .00000731  00000-0  12718-4 0  9999
2 40931   5.9981 247.2044 0012682  55.7626 304.3720 14.76673359301930
YAOGAN 28               
1 41026U 15064A   21119.20546620  .00001657  00000-0  72347-4 0  9994
2 41026  97.4952 255.7857 0002553  74.8892  47.1815 15.23552888305161
YAOGAN 29               
1 41038U 15069A   21119.20552153  .00000060  00000-0  14762-4 0  9994
2 41038  98.0368 113.1371 0001148  50.3321 309.7995 14.80500031292992
KENT RIDGE 1            
1 41167U 15077B   21118.99777707  .00001126  00000-0  28442-4 0  9999
2 41167  14.9809 347.3599 0011192  46.3065  97.2897 15.09331155296529
TELEOS 1                
1 41169U 15077D   21118.21035364  .00001798  00000-0  65615-4 0  9990
2 41169  14.9766 332.3622 0010204  71.3868 288.7591 15.11007278296590
GAOFEN 4                
1 41194U 15083A   21118.33617484 -.00000339  00000-0  00000+0 0  9990
2 41194   0.0737 288.9592 0006728 233.5750 280.7872  1.00272060 19685
JASON-3                 
1 41240U 16002A   21118.85739736 -.00000078  00000-0 -74435-4 0  9995
2 41240  66.0415  70.0298 0008054 274.0547  85.9547 12.80930288246839
SENTINEL-3A             
1 41335U 16011A   21119.15409822  .00000018  00000-0  25635-4 0  9994
2 41335  98.6280 187.3977 0001084  84.4525 275.6779 14.26735518270693
SENTINEL-1B             
1 41456U 16025A   21119.04135305  .00000031  00000-0  16355-4 0  9997
2 41456  98.1819 127.3317 0001443  80.7565 279.3810 14.59198798266752
ZIYUAN 3-2 (ZY 3-2)     
1 41556U 16033A   21119.22058392  .00001315  00000-0  61692-4 0  9997
2 41556  97.3279 192.7878 0003845  38.0494  46.6067 15.21363367272928
NUSAT-1 (FRESCO)        
1 41557U 16033B   21119.24801713  .00003275  00000-0  11772-3 0  9993
2 41557  97.3918 213.4742 0014389  54.1496 330.6424 15.29270229274013
NUSAT-2 (BATATA)        
1 41558U 16033C   21119.25097759  .00003238  00000-0  10922-3 0  9997
2 41558  97.4013 217.0696 0013196  49.4261 337.3331 15.31363437274198
CARTOSAT-2C             
1 41599U 16040A   21119.11848124  .00000904  00000-0  46023-4 0  9994
2 41599  97.4038 179.4449 0013665 183.1591 230.9498 15.19253510269024
SKYSAT-C1               
1 41601U 16040C   21118.77581228  .00002743  00000-0  73613-4 0  9996
2 41601  97.1927 197.1527 0004097  98.3157 261.8553 15.38793732270180
LAPAN-A3                
1 41603U 16040E   21119.21787446  .00000310  00000-0  17403-4 0  9991
2 41603  97.2619 168.0048 0013520 168.2228 278.7902 15.20009637269103
BIROS                   
1 41604U 16040F   21118.45124807  .00001036  00000-0  47558-4 0  9993
2 41604  97.2679 172.5469 0012982 150.1489 210.0491 15.22503876269295
GAOFEN 3                
1 41727U 16049A   21119.14267004 -.00000019  00000-0  74623-5 0  9997
2 41727  98.4115 128.3319 0001956  90.9234 269.2187 14.42216807248370
SKYSAT-C4               
1 41771U 16058B   21119.11414385  .00002571  00000-0  68574-4 0  9990
2 41771  97.1691 189.0602 0001311  76.2587 283.8805 15.39046209257199
SKYSAT-C5               
1 41772U 16058C   21119.12282941  .00001152  00000-0  49746-4 0  9997
2 41772  97.3161 188.2273 0001493  96.8816 263.2592 15.24471429256625
SKYSAT-C2               
1 41773U 16058D   21119.15393902  .00002593  00000-0  69239-4 0  9990
2 41773  97.1698 189.4393 0001094  81.2183 278.9187 15.38997251257228
SKYSAT-C3               
1 41774U 16058E   21118.84207635  .00002665  00000-0  71010-4 0  9993
2 41774  97.1694 189.0860 0001788  66.2811 293.8623 15.39039636257160
ALSAT 1B                
1 41785U 16059C   21119.10394349  .00000028  00000-0  14395-4 0  9999
2 41785  97.9652 171.3107 0032166  40.1922 320.1660 14.63396487245067
PATHFINDER 1            
1 41787U 16059E   21119.20323496  .00000109  00000-0  29636-4 0  9991
2 41787  97.9688 172.8197 0031457  37.0174 323.3184 14.63804206245136
SCATSAT 1               
1 41790U 16059H   21119.05324212  .00000036  00000-0  20565-4 0  9996
2 41790  98.3741 161.1924 0006314  41.3049 318.8629 14.50805964242988
WORLDVIEW-4             
1 41848U 16067A   21118.93161574  .00032657  00000-0  22077-3 0  9998
2 41848  97.8037 262.2027 0006909  85.1013 275.1040 15.74976232245808
GOKTURK 1A              
1 41875U 16073A   21119.22618472  .00000061  00000-0  21136-4 0  9992
2 41875  98.1220  14.9541 0001649  79.4277 280.7115 14.62789131234723
RESOURCESAT-2A          
1 41877U 16074A   21117.49560358 -.00000045  00000-0 -42763-6 0  9996
2 41877  98.7570 191.7955 0002719  96.2761 263.8708 14.21609681227667
CARTOSAT-2D             
1 41948U 17008A   21118.88045528  .00000994  00000-0  50371-4 0  9997
2 41948  97.4465 179.9062 0006859 346.4885  13.6164 15.19249487232854
SENTINEL-2B             
1 42063U 17013A   21119.17249881 -.00000659  00000-0 -23489-3 0  9992
2 42063  98.5623 194.8485 0001311  67.7110 292.4240 14.30810094216526
ZHUHAI-1 02 (CAS-4B)    
1 42759U 17034B   21119.20541801  .00000496  00000-0  43167-4 0  9991
2 42759  43.0160  91.8198 0009520 224.3646 150.3292 15.10173188213702
NUSAT-3 (MILANESAT)     
1 42760U 17034C   21119.14010394  .00000756  00000-0  57967-4 0  9996
2 42760  43.0147  89.3616 0009355 244.4409 180.4539 15.10752558213737
ZHUHAI-1 01 (CAS-4A)    
1 42761U 17034D   21119.14184795  .00000502  00000-0  43485-4 0  9993
2 42761  43.0170  91.2608 0010295 224.1082 198.7088 15.10254670213692
CARTOSAT-2E             
1 42767U 17036C   21119.17072610  .00000911  00000-0  46530-4 0  9994
2 42767  97.5093 178.4891 0009263  30.5121  53.5822 15.19227585213467
FORMOSAT-5              
1 42920U 17049A   21118.75272708 -.00000056  00000-0 -31036-5 0  9990
2 42920  98.2708 198.9894 0012125  86.2655 273.9925 14.50864380194734
SENTINEL-5P             
1 42969U 17064A   21118.59996138 -.00000013  00000-0  14793-4 0  9994
2 42969  98.7345  59.1704 0001164  85.4957 274.6352 14.19555072183464
SKYSAT-C11              
1 42987U 17068A   21118.52662664  .00002892  00000-0  75418-4 0  9992
2 42987  97.2538 234.9817 0009323   4.4114 355.7213 15.39621713194537
SKYSAT-C10              
1 42988U 17068B   21118.58126116  .00003052  00000-0  79377-4 0  9993
2 42988  97.2578 234.9850 0004368  66.6849 293.4857 15.39687053194562
SKYSAT-C9               
1 42989U 17068C   21118.56789327  .00003070  00000-0  80074-4 0  9997
2 42989  97.2534 234.4147 0001174 138.8984 221.2350 15.39600479194758
SKYSAT-C8               
1 42990U 17068D   21118.62594664  .00003011  00000-0  78642-4 0  9997
2 42990  97.2581 235.4140 0002267  58.0050 302.1416 15.39570489194598
SKYSAT-C7               
1 42991U 17068E   21118.61638830  .00003006  00000-0  78631-4 0  9993
2 42991  97.2587 235.4197 0002075 103.9939 256.1538 15.39521194194592
SKYSAT-C6               
1 42992U 17068F   21119.12673399  .00002984  00000-0  78092-4 0  9995
2 42992  97.2604 236.1984 0000543 185.9186 174.2054 15.39514438194683
CARTOSAT-2F             
1 43111U 18004A   21119.12810765  .00001049  00000-0  53057-4 0  9995
2 43111  97.5032 178.6643 0005664  50.7757 338.8613 15.19239568182647
NUSAT-4 (ADA)           
1 43195U 18015D   21119.08705111  .00002813  00000-0  11299-3 0  9993
2 43195  97.4781 252.6359 0018460  69.3972  17.0195 15.25650910179999
NUSAT-5 (MARYAM)        
1 43204U 18015K   21119.08852678  .00002999  00000-0  11941-3 0  9994
2 43204  97.4792 252.9855 0017873  71.7402 336.2957 15.25897793179611
GAOFEN 1-02             
1 43259U 18031A   21119.11846374  .00000116  00000-0  23878-4 0  9994
2 43259  97.9338 198.6652 0002509 267.0834  93.0102 14.76524521166002
GAOFEN 1-03             
1 43260U 18031B   21119.09691271 -.00000191  00000-0 -20111-4 0  9999
2 43260  97.9334 198.6360 0004753 351.2868   8.8294 14.76508333165998
GAOFEN 1-04             
1 43262U 18031D   21119.13991113  .00000122  00000-0  24742-4 0  9990
2 43262  97.9345 198.6763 0003062 300.6333  59.4579 14.76525465165999
SENTINEL-3B             
1 43437U 18039A   21119.12665748  .00000019  00000-0  25774-4 0  9994
2 43437  98.6322 187.3106 0001244  78.3046 281.8274 14.26734378156759
GAOFEN 5                
1 43461U 18043A   21119.08062742  .00000056  00000-0  22351-4 0  9995
2 43461  98.2294  58.1285 0002799 114.2360 245.9140 14.57816839158288
GAOFEN 6                
1 43484U 18048A   21119.16807444  .00000110  00000-0  23133-4 0  9990
2 43484  97.9583 201.0831 0010913  98.2593 261.9864 14.76505298156703
GAOFEN 11-1             
1 43585U 18063A   21119.19793875  .00001567  00000-0  68285-4 0  9998
2 43585  97.3542 199.3029 0014732 182.8019 261.4572 15.23577987153310
AEOLUS                  
1 43600U 18066A   21119.11424044  .00041789  00000-0  16270-3 0  9996
2 43600  96.7165 126.7162 0007352 102.7739 257.4356 15.86970857155425
ICESAT-2                
1 43613U 18070A   21118.83944882  .00000718  00000-0  25889-4 0  9994
2 43613  92.0034 146.3748 0003073  98.7575 261.4023 15.28272525146057
HYSIS                   
1 43719U 18096A   21119.17421761  .00000217  00000-0  36585-4 0  9992
2 43719  97.8621 186.0210 0004076 349.4339  10.6791 14.78617563130320
KAZSTSAT                
1 43783U 18099AB  21119.12175558  .00000093  00000-0  14039-4 0  9993
2 43783  97.6787 190.0501 0007530 202.1007 157.9889 14.93640358130952
SAUDISAT 5A             
1 43831U 18102A   21118.72855738 -.00000070  00000-0 -49893-6 0  9997
2 43831  97.5363 195.4915 0015114 152.9328 305.8281 15.08271476131654
SAUDISAT 5B             
1 43833U 18102C   21119.20175888  .00000285  00000-0  22123-4 0  9995
2 43833  97.5372 196.5474 0015980 158.3337 286.1283 15.08714569131758
GAOFEN 10R              
1 44622U 19066A   21119.10924762  .00000178  00000-0  29831-4 0  9998
2 44622  97.8529  61.0763 0001501  65.4059 294.7314 14.80590009 84692
CARTOSAT-3              
1 44804U 19081A   21119.15182550  .00000970  00000-0  49208-4 0  9993
2 44804  97.4511 182.6531 0012060 219.5733 192.7338 15.19247036 78730
GAOFEN 12               
1 44819U 19082A   21119.10367731  .00000090  00000-0  18583-4 0  9996
2 44819  97.8898 142.2216 0002063  74.3122 285.8335 14.80255862 76643
NUSAT-7 (SOPHIE)        
1 45017U 20003B   21119.12023803  .00002994  00000-0  10480-3 0  9995
2 45017  97.2686 185.1895 0015006  44.8388  18.3413 15.30176064 71800
NUSAT-8 (MARIE)         
1 45018U 20003C   21119.18031141 -.00000909  00000-0 -26814-4 0  9991
2 45018  97.2806 184.9119 0013427  52.2411  32.7975 15.32150844 71764
NUSAT-6 (HYPATIA)       
1 46272U 20061A   21119.17055488  .00001857  00000-0  84258-4 0  9994
2 46272  97.3713 193.8425 0009152  87.8502 272.3783 15.22021479 36174
NEMO-HD                 
1 46277U 20061F   21119.07483924  .00000663  00000-0  37606-4 0  9997
2 46277  97.4342 193.8309 0002297 128.1637 297.1232 15.16323979 36054
NUSAT-12 (DOROTHY)      
1 46827U 20079A   21119.17113881  .00003145  00000-0  10589-3 0  9998
2 46827  97.2428 193.6044 0009291 357.3755  86.4770 15.31463407 26626
NUSAT-9 (ALICE)         
1 46828U 20079B   21119.17029860  .00003644  00000-0  11978-3 0  9999
2 46828  97.2298 193.7051 0005147  46.2796  37.3489 15.32160402 26640
NUSAT-11 (CORA)         
1 46829U 20079C   21119.18184954  .00003626  00000-0  11956-3 0  9993
2 46829  97.2354 193.6570 0008029  15.5405  69.0870 15.32049578 26632
NUSAT-15 (KATHERINE)    
1 46830U 20079D   21119.15572858  .00002822  00000-0  93504-4 0  9993
2 46830  97.2493 194.0150 0004120 356.9935  63.7812 15.32100142 26648
NUSAT-14 (HEDY)         
1 46831U 20079E   21119.10305020  .00003194  00000-0  10530-3 0  9994
2 46831  97.2457 193.7298 0009142   9.5184  34.0760 15.32132186 26628
NUSAT-10 (CAROLINE)     
1 46832U 20079F   21119.19201007  .00003350  00000-0  11022-3 0  9995
2 46832  97.2459 193.7591 0009268   8.6530  43.7342 15.32165135 26635
NUSAT-13 (EMMY)         
1 46833U 20079G   21119.16955249  .00003313  00000-0  10914-3 0  9995
2 46833  97.2457 193.8142 0008777  11.3858  72.3860 15.32137978 26632
NUSAT-17 (MARY)         
1 46835U 20079J   21119.11503459  .00003222  00000-0  10720-3 0  9998
2 46835  97.2455 193.7223 0009606  24.1041  35.8758 15.31827540 26628
NUSAT-18 (VERA)         
1 46836U 20079K   21118.93235709 -.00003866  00000-0 -12189-3 0  9995
2 46836  97.2441 193.6803 0010949  26.8857  87.6338 15.32211063 26608
NUSAT-16 (LISE)         
1 46840U 20079P   21119.21249163  .00003128  00000-0  10306-3 0  9999
2 46840  97.2467 193.9072 0007596  27.8041  34.7621 15.32176539 26642
SENTINEL-6              
1 46984U 20086A   21118.31120668 -.00000061  00000-0  00000+0 0  9994
2 46984  66.0478  71.2915 0007703 268.3601  91.4012 12.80860294 20191
