SARSAT 7 (NOAA 15)      
1 25338U 98030A   21119.11103944  .00000063  00000-0  44735-4 0  9994
2 25338  98.6868 148.0665 0011439  67.8645 292.3748 14.26025292194217
METEOSAT-8 (MSG-1)      
1 27509U 02040B   21118.19464462  .00000133  00000-0  00000-0 0  9995
2 27509   7.2848  52.7071 0002270 324.3041 310.9569  1.00277307 68446
GPS BIIR-08             
1 27663U 03005A   21117.18595484 -.00000021  00000-0  00000-0 0  9992
2 27663  55.8137 289.5636 0121082  37.7485 130.9619  2.00562256133668
GPS BIIR-11             
1 28190U 04009A   21118.47782909 -.00000074  00000-0  00000-0 0  9994
2 28190  56.2008 350.3816 0090074 104.6750  72.4745  2.00568989125321
GPS BIIR-13             
1 28474U 04045A   21118.59563641 -.00000077  00000-0  00000-0 0  9995
2 28474  55.1649  40.1314 0204959 272.7806 265.1542  2.00564966120816
SARSAT 10 (NOAA 18)     
1 28654U 05018A   21118.86483350  .00000082  00000-0  68879-4 0  9991
2 28654  98.9975 183.5237 0015134  64.9325 295.3415 14.12601378821447
GPS BIIR-14M            
1 28874U 05038A   21118.45013868 -.00000072  00000-0  00000-0 0  9993
2 28874  56.2861 347.7933 0135777 270.2123 269.6692  2.00574014114214
METEOSAT-9 (MSG-2)      
1 28912U 05049B   21118.60290576  .00000014  00000-0  00000-0 0  9993
2 28912   5.1044  68.6769 0001057 283.1215  85.5207  1.00265935 56239
GOES 13                 
1 29155U 06018A   21118.85069699  .00000032  00000-0  00000-0 0  9997
2 29155   0.2349 272.1525 0002126 281.5497  31.0933  1.00271907 24566
SARSAT 11 (METOP-A)     
1 29499U 06044A   21119.13397928  .00000014  00000-0  25322-4 0  9996
2 29499  98.4774 160.3601 0001791  88.5911   3.3187 14.21496996753739
GPS BIIR-16M            
1 29601U 06052A   21117.76259250 -.00000021  00000-0  00000-0 0  9993
2 29601  55.8080 288.4659 0082613  68.3668 292.4855  2.00554378105774
GPS BIIR-17M            
1 32260U 07047A   21117.57401456  .00000070  00000-0  00000-0 0  9992
2 32260  53.2243 157.7760 0129078  55.4468 305.8505  2.00571278 99170
GPS BIIR-18M            
1 32384U 07062A   21117.12992668 -.00000064  00000-0  00000-0 0  9991
2 32384  56.3908 348.5560 0015836 125.5658  42.4144  2.00566818 97864
SARSAT 12 (NOAA 19)     
1 33591U 09005A   21119.10659427  .00000060  00000-0  57998-4 0  9991
2 33591  99.1873 138.5811 0012910 270.7705  89.1987 14.12463318629954
GOES 14                 
1 35491U 09033A   21119.04455983 -.00000099  00000-0  00000+0 0  9997
2 35491   0.1870 115.1378 0009509 101.0717 272.7797  1.00271695 43353
GOES 15                 
1 36411U 10008A   21118.63596451  .00000045  00000-0  00000-0 0  9995
2 36411   0.0773 206.2732 0004971 208.2738 263.6888  1.00283201 40874
GLONASS-K 1             
1 37372U 11009A   21119.19685616 -.00000067  00000-0  00000+0 0  9992
2 37372  65.9295  17.2117 0013309 229.5942  67.8473  2.13081300 79131
GPS BIIF-2              
1 37753U 11036A   21118.43038958 -.00000071  00000-0  00000-0 0  9998
2 37753  56.3857  44.9057 0106178  47.0423 131.3928  2.00562696 71655
GSAT0101 (GALILEO-PFM)  
1 37846U 11060A   21117.94835675 -.00000085  00000-0  00000-0 0  9999
2 37846  56.8125  32.6615 0004188   1.4119 358.5979  1.70475096 59130
GSAT0102 (GALILEO-FM2)  
1 37847U 11060B   21117.56633292 -.00000084  00000-0  00000-0 0  9998
2 37847  56.8133  32.6713 0005008 336.3149 195.4861  1.70475307 59137
LUCH 5A                 
1 37951U 11074B   21118.85074299 -.00000050  00000-0  00000-0 0  9991
2 37951   3.9977 106.4703 0005541 308.8721 274.8683  1.00269691 34387
METEOSAT-10 (MSG-3)     
1 38552U 12035B   21118.60412706  .00000060  00000-0  00000-0 0  9999
2 38552   1.2099   6.0700 0001431  55.5533  22.3509  1.00280973 32055
SARSAT 13 (METOP-B)     
1 38771U 12049A   21119.17030520  .00000016  00000-0  27267-4 0  9999
2 38771  98.7192 179.8602 0002053 126.7569 245.4182 14.21475650446873
GPS BIIF-3              
1 38833U 12053A   21115.17205847  .00000002  00000-0  00000-0 0  9992
2 38833  53.5811 220.5057 0108968  41.4772 319.3509  2.00555744 61861
GSAT0103 (GALILEO-FM3)  
1 38857U 12055A   21117.40325382  .00000072  00000-0  00000-0 0  9992
2 38857  55.0332 153.1407 0005021 266.8078  93.2216  1.70473671 53015
GSAT0104 (GALILEO-FM4)  
1 38858U 12055B   21117.94613428  .00000068  00000-0  00000-0 0  9998
2 38858  55.0345 153.1268 0013906 211.6792 148.3202  1.70151588 53036
GPS BIIF-4              
1 39166U 13023A   21117.03258574 -.00000061  00000-0  00000-0 0  9998
2 39166  55.9329 344.3813 0092621  33.9440 326.6966  2.00562975 58231
INSAT-3D                
1 39216U 13038B   21118.88938260 -.00000162  00000-0  00000-0 0  9993
2 39216   0.0407  94.1130 0001376 327.6117 197.6850  1.00271955 28293
GPS BIIF-5              
1 39533U 14008A   21117.53200359  .00000012  00000-0  00000+0 0  9997
2 39533  53.6859 225.8746 0052135 201.8921 157.8944  2.00558239 52597
LUCH 5V                 
1 39727U 14023A   21118.62105082 -.00000272  00000-0  00000-0 0  9997
2 39727   0.6115  51.6000 0005836  22.3094 101.1273  1.00266242 25552
GPS BIIF-6              
1 39741U 14026A   21117.31119326 -.00000070  00000-0  00000+0 0  9992
2 39741  56.3541  44.4766 0024648 300.4789  59.2725  2.00554812 50884
GPS BIIF-7              
1 40105U 14045A   21117.39489170  .00000072  00000-0  00000-0 0  9996
2 40105  54.6189 163.4138 0016743 107.4237 252.8477  2.00548918 48437
GSAT0201 (GALILEO 5)    
1 40128U 14050A   21118.17873079 -.00000091  00000-0  00000+0 0  9990
2 40128  50.4928 348.8257 1650673 109.6486 268.8791  1.85518755 45458
GSAT0202 (GALILEO 6)    
1 40129U 14050B   21117.90227209 -.00000089  00000-0  00000+0 0  9996
2 40129  50.5249 347.8841 1648108 110.4505 267.9851  1.85519365 45642
GPS BIIF-8              
1 40294U 14068A   21118.26902573  .00000024  00000-0  00000-0 0  9991
2 40294  55.5260 104.3739 0032630  44.6729 315.5773  2.00571119 47588
GLONASS-K 2             
1 40315U 14075A   21118.27290995  .00000009  00000-0  00000-0 0  9995
2 40315  63.7865 255.7313 0016230 206.6919 207.8024  2.13101442 49881
GPS BIIF-9              
1 40534U 15013A   21118.90963592 -.00000019  00000-0  00000+0 0  9992
2 40534  53.9897 281.8512 0057335  15.2881 344.8500  2.00548906 44640
GSAT0203 (GALILEO 7)    
1 40544U 15017A   21117.14321645 -.00000083  00000-0  00000-0 0  9991
2 40544  56.6065  32.7739 0003061 286.4119  73.5607  1.70474282 37204
GSAT0204 (GALILEO 8)    
1 40545U 15017B   21110.99979167 -.00000070  00000-0  00000+0 0  9991
2 40545  56.6120  32.9522 0028017 217.3514 187.7046  1.72102947 37752
GPS BIIF-10             
1 40730U 15033A   21118.06980287 -.00000067  00000-0  00000-0 0  9993
2 40730  55.4415 343.3658 0063451 359.9574   0.0886  2.00573611 42365
METEOSAT-11 (MSG-4)     
1 40732U 15034A   21118.74579819 -.00000005  00000-0  00000-0 0  9998
2 40732   0.1266 220.8057 0000513 253.9770  10.7804  1.00279444 21216
GSAT0205 (GALILEO 9)    
1 40889U 15045A   21117.16510774 -.00000016  00000-0  00000-0 0  9995
2 40889  55.9153 273.4529 0004809  26.8156 333.1564  1.70475277 35014
GSAT0206 (GALILEO 10)   
1 40890U 15045B   21118.55776059 -.00000017  00000-0  00000-0 0  9992
2 40890  55.9128 273.4108 0002906  24.8670 335.0949  1.70475342 35062
GPS BIIF-11             
1 41019U 15062A   21118.11598882  .00000025  00000-0  00000-0 0  9991
2 41019  55.5187 104.2141 0067323 214.9064 144.6402  2.00563635 40205
ELEKTRO-L 2             
1 41105U 15074A   21118.88642247 -.00000119  00000-0  00000+0 0  9993
2 41105   1.9601  93.0409 0000576  24.5641  44.1584  1.00271835 19716
GSAT0209 (GALILEO 12)   
1 41174U 15079A   21118.14542136  .00000066  00000-0  00000-0 0  9990
2 41174  55.0494 152.8204 0005484 302.4999  57.5286  1.70473567 32799
GSAT0208 (GALILEO 11)   
1 41175U 15079B   21118.36510089  .00000064  00000-0  00000+0 0  9994
2 41175  55.0471 152.8135 0004739 301.4928  58.5406  1.70473606 33375
GPS BIIF-12             
1 41328U 16007A   21117.20961847  .00000074  00000-0  00000-0 0  9992
2 41328  54.8472 163.9887 0050413 225.2776 134.3990  2.00564452 38194
GSAT0211 (GALILEO 14)   
1 41549U 16030A   21118.48609100 -.00000016  00000-0  00000-0 0  9992
2 41549  56.0567 273.3022 0003000 346.1723  13.7671  1.70475016 30696
GSAT0210 (GALILEO 13)   
1 41550U 16030B   21118.77891967 -.00000016  00000-0  00000+0 0  9999
2 41550  56.0561 273.2956 0001633 306.0386  53.8946  1.70475164 30679
INSAT-3DR               
1 41752U 16054A   21118.84841185 -.00000082  00000-0  00000-0 0  9998
2 41752   0.1576  96.3944 0010019 181.9655 318.1040  1.00271124 17004
GSAT0207 (GALILEO 15)   
1 41859U 16069A   21117.85150199  .00000068  00000-0  00000-0 0  9993
2 41859  54.7078 153.1127 0005607 291.2581  68.7660  1.70473490 27418
GSAT0212 (GALILEO 16)   
1 41860U 16069B   21118.29150586  .00000064  00000-0  00000-0 0  9990
2 41860  54.7052 153.0989 0004266 307.7786  52.2635  1.70473527 27676
GSAT0213 (GALILEO 17)   
1 41861U 16069C   21118.07060992  .00000066  00000-0  00000-0 0  9990
2 41861  54.7075 153.1094 0005140 273.6419  86.3817  1.70473582 27532
GSAT0214 (GALILEO 18)   
1 41862U 16069D   21117.63106086  .00000069  00000-0  00000+0 0  9999
2 41862  54.7062 153.1168 0004258 277.6228  82.4142  1.70473583 27654
GOES 16                 
1 41866U 16071A   21118.37185431 -.00000252  00000-0  00000+0 0  9994
2 41866   0.0274 283.3173 0001525 134.3631 217.5560  1.00269875 16293
GSAT-17                 
1 42815U 17040B   21119.12329083 -.00000263  00000-0  00000+0 0  9995
2 42815   0.1096  98.7904 0002210 217.5096  38.8818  1.00271845 14076
GSAT0215 (GALILEO 19)   
1 43055U 17079A   21117.53510505 -.00000016  00000-0  00000+0 0  9994
2 43055  56.0321 273.1668 0000988 308.4166  51.5213  1.70474268 20998
GSAT0216 (GALILEO 20)   
1 43056U 17079B   21116.65447141 -.00000014  00000-0  00000-0 0  9991
2 43056  56.0332 273.1908 0002704 288.6736  71.2451  1.70474400 20999
GSAT0217 (GALILEO 21)   
1 43057U 17079C   21117.46117701 -.00000016  00000-0  00000-0 0  9990
2 43057  56.0314 273.1689 0002573 314.1752  45.7504  1.70474375 20999
GSAT0218 (GALILEO 22)   
1 43058U 17079D   21116.50801395 -.00000014  00000-0  00000-0 0  9992
2 43058  56.0322 273.1925 0003083 280.7376  79.1761  1.70474307 21003
GOES 17                 
1 43226U 18022A   21118.71840611  .00000093  00000-0  00000-0 0  9993
2 43226   0.0296 279.4838 0000767 154.9766 263.8713  1.00272233 11603
GSAT0221 (GALILEO 25)   
1 43564U 18060A   21116.99315989 -.00000082  00000-0  00000-0 0  9992
2 43564  56.9915  32.4867 0004227 299.2593  60.7051  1.70475301 17165
GSAT0222 (GALILEO 26)   
1 43565U 18060B   21118.38618049 -.00000086  00000-0  00000-0 0  9995
2 43565  56.9944  32.4487 0004164 309.0528  50.9204  1.70475302 17234
GSAT0219 (GALILEO 23)   
1 43566U 18060C   21118.02017584 -.00000085  00000-0  00000-0 0  9993
2 43566  56.9945  32.4604 0003860 312.6766  47.3002  1.70475311 17206
GSAT0220 (GALILEO 24)   
1 43567U 18060D   21118.82656904 -.00000087  00000-0  00000+0 0  9998
2 43567  56.9944  32.4386 0003784 306.7084  53.2681  1.70475022 17191
BEIDOU-3 M13            
1 43622U 18072A   21118.67493756  .00000051  00000-0  00000+0 0  9990
2 43622  55.2630 125.3026 0008731 285.8435 241.8502  1.86231732 17725
BEIDOU-3 M14            
1 43623U 18072B   21118.56350751  .00000052  00000-0  00000+0 0  9997
2 43623  55.2638 125.2980 0006948 304.0731 239.1488  1.86231731 17725
GPS BIII-1              
1 43873U 18109A   21118.54093661  .00000059  00000-0  00000-0 0  9995
2 43873  55.0284 166.2675 0012638 201.9643 293.8019  2.00553919 17452
METEOR-M2 2             
1 44387U 19038A   21119.20588292 -.00000031  00000-0  53644-5 0  9999
2 44387  98.6656  79.7366 0002361  56.7670 303.3740 14.23687780 94468
GPS BIII-2              
1 44506U 19056A   21118.86594958 -.00000072  00000-0  00000-0 0  9997
2 44506  55.4519  45.5860 0012975 178.4706  89.2275  2.00564163 12457
BEIDOU-3 M23            
1 44542U 19061A   21119.05441275  .00000004  00000-0  10000-3 0  9996
2 44542  54.7283 246.2061 0007375 334.7807 282.0500  1.86231363 10860
BEIDOU-3 M24            
1 44543U 19061B   21118.53463647  .00000003  00000-0  10000-3 0  9995
2 44543  54.7263 246.1938 0004590 325.5968 213.5300  1.86231703 10868
BEIDOU-3 M21            
1 44793U 19078A   21117.17267686 -.00000084  00000-0  10000-3 0  9994
2 44793  55.0607   4.9377 0007428   3.5496 176.9230  1.86232369  9692
BEIDOU-3 M22            
1 44794U 19078B   21118.33791811 -.00000090  00000-0  00000-0 0  9999
2 44794  55.0353   4.8976 0005459   0.6531 151.9466  1.86232883  9713
GPS BIII-3              
1 45854U 20041A   21118.57506462  .00000019  00000-0  00000-0 0  9991
2 45854  55.2306 102.8582 0009918 157.9217 202.1059  2.00566410  6418
GPS BIII-4              
1 46826U 20078A   21118.61332742 -.00000021  00000-0  00000-0 0  9998
2 46826  54.8611 286.9034 0005028 166.3659 193.6167  2.00554887  3898
