LEMUR-1                 
1 40044U 14033AL  21119.13020113  .00000229  00000-0  40881-4 0  9996
2 40044  97.6781 324.8533 0060284  60.8746 299.8480 14.74352815368839
LEMUR-2-JOEL            
1 40932U 15052C   21119.12968908 -.00008984  00000-0 -12987-2 0  9998
2 40932   6.0192 219.9632 0010401 123.8515 236.3192 14.78150674302229
LEMUR-2-CHRIS           
1 40933U 15052D   21118.11161439  .00001088  00000-0  58833-4 0  9999
2 40933   6.0056 223.6712 0013664 111.7474 248.4108 14.78294325302014
LEMUR-2-PETER           
1 40935U 15052F   21117.44454618  .00001049  00000-0  55774-4 0  9998
2 40935   6.0042 248.8343 0009987  51.8426 308.2601 14.77453325301797
LEMUR-2-XIAOQING        
1 41871U 16062C   21118.77467515  .00002619  00000-0  10533-3 0  9994
2 41871  51.6390 189.2992 0004966 263.3420  96.6995 15.28604278246416
LEMUR-2-SOKOLSKY        
1 41872U 16062D   21119.04072009  .00002703  00000-0  10883-3 0  9998
2 41872  51.6808 195.5164 0002740  18.5368 341.5712 15.28437159246423
LEMUR-2-ANUBHAVTHAKUR   
1 41873U 16062E   21118.54600115  .00002479  00000-0  11324-3 0  9999
2 41873  51.6844 219.3510 0009468 248.8093 111.1875 15.24444581246009
LEMUR-2-WINGO           
1 41874U 16062F   21118.73001643  .00002686  00000-0  10967-3 0  9994
2 41874  51.6529 196.6367 0010908 175.8930 184.2141 15.27980458246319
LEMUR-2-JOBANPUTRA      
1 41991U 17008AV  21118.84795691  .00002458  00000-0  97748-4 0  9990
2 41991  97.3142 184.3077 0005391 268.1805  91.8817 15.26206381232870
LEMUR-2-SPIRE-MINIONS   
1 41992U 17008AW  21118.83304784  .00003443  00000-0  12903-3 0  9993
2 41992  97.3187 186.6378 0005094 259.7194 100.3471 15.27917003233005
LEMUR-2-SATCHMO         
1 41993U 17008AX  21119.12955466  .00002540  00000-0  10022-3 0  9993
2 41993  97.3140 185.0051 0005395 265.4455  94.6168 15.26445794232946
LEMUR-2-SMITA-SHARAD    
1 41994U 17008AY  21118.81138446  .00003622  00000-0  13577-3 0  9990
2 41994  97.3182 186.4456 0005162 257.2800 102.7863 15.27880244232994
LEMUR-2-RDEATON         
1 41995U 17008AZ  21118.82404204  .00002540  00000-0  10032-3 0  9991
2 41995  97.3154 184.8660 0006462 284.6733  75.3789 15.26409515233581
LEMUR-2-TACHIKOMA       
1 41996U 17008BA  21118.48255590  .00003403  00000-0  12857-3 0  9992
2 41996  97.3220 186.3244 0005985 281.4083  78.6484 15.27653639232837
LEMUR-2-NOGUECORREIG    
1 41997U 17008BB  21119.14651220  .00003396  00000-0  12700-3 0  9995
2 41997  97.3198 187.2945 0006027 275.7297  84.3255 15.27994030233059
LEMUR-2-MIA-GRACE       
1 41998U 17008BC  21118.85220178  .00002495  00000-0  98934-4 0  9990
2 41998  97.3146 184.6354 0006371 285.6351  74.4184 15.26294188232811
LEMUR-2-ANGELA          
1 42752U 17019B   21119.11300340  .00004112  00000-0  13685-3 0  9998
2 42752  51.6387  91.1304 0009261   7.7708 352.3416 15.33382511217496
LEMUR-2-JENNYBARNA      
1 42753U 17019C   21119.10376468  .00006836  00000-0  20282-3 0  9998
2 42753  51.6375  80.0459 0008430  17.0089 343.1175 15.35958219217592
LEMUR-2-ROBMOORE        
1 42754U 17019D   21119.13695084  .00004428  00000-0  14699-3 0  9990
2 42754  51.6378  92.0020 0009172   9.7296 350.3861 15.33272553217461
LEMUR-2-SPIROVISION     
1 42755U 17019E   21119.05378545  .00007389  00000-0  21899-3 0  9991
2 42755  51.6397  80.2482 0008565  20.8271  29.4932 15.35863879217503
LEMUR-2-SHAINAJOHL      
1 42771U 17036G   21118.79115212  .00002630  00000-0  11011-3 0  9997
2 42771  97.2567 168.7589 0013255 353.7879   6.3192 15.24337866213744
LEMUR-2-XUENITERENCE    
1 42772U 17036H   21118.86243037  .00002654  00000-0  11048-3 0  9999
2 42772  97.2544 168.8555 0012715 352.1934   7.9104 15.24536487213772
LEMUR-2-LUCYBRYCE       
1 42773U 17036J   21118.83217467  .00002228  00000-0  95051-4 0  9999
2 42773  97.2619 169.5039 0012874 352.4288   7.6753 15.23866342213774
LEMUR-2-KUNGFOO         
1 42774U 17036K   21119.11538551  .00002674  00000-0  11134-3 0  9996
2 42774  97.2566 169.3835 0012606 351.3630   8.7388 15.24521676213809
LEMUR-2-LYNSEY-SYMO     
1 42779U 17036Q   21119.13665369  .00003281  00000-0  12958-3 0  9991
2 42779  97.2614 172.2764 0010492 355.3059   4.8080 15.26158207213963
LEMUR-2-LISASAURUS      
1 42780U 17036R   21119.12015886  .00002302  00000-0  96630-4 0  9998
2 42780  97.2605 170.6333 0011146 359.4071   0.7152 15.24396700213870
LEMUR-2-SAM-AMELIA      
1 42781U 17036S   21118.82448873  .00002369  00000-0  98565-4 0  9993
2 42781  97.2624 171.0665 0011182 359.5088   0.6137 15.24676484213854
LEMUR-2-MCPEAKE         
1 42782U 17036T   21119.09992113  .00002839  00000-0  11471-3 0  9997
2 42782  97.2584 171.4358 0010570 357.3102   2.8078 15.25502107213912
LEMUR-2-GREENBERG       
1 42837U 17042N   21119.09425965  .00000425  00000-0  46604-4 0  9997
2 42837  97.4830 353.4633 0011816 310.5029  49.5161 14.92452043206458
LEMUR-2-ANDIS           
1 42838U 17042P   21118.88958394  .00000459  00000-0  49922-4 0  9994
2 42838  97.4825 353.2570 0011902 310.8512  49.1675 14.92451067206425
LEMUR-2-MONSON          
1 42839U 17042Q   21119.12395492  .00000783  00000-0  81893-4 0  9990
2 42839  97.4831 353.3186 0011578 310.1401  49.8804 14.92262638206443
LEMUR-2-FURIAUS         
1 42840U 17042R   21118.87597476  .00000436  00000-0  47795-4 0  9997
2 42840  97.4849 353.3536 0011900 311.3682  48.6514 14.92312679206419
LEMUR-2-PETERG          
1 42841U 17042S   21119.19451730  .00000157  00000-0  20377-4 0  9993
2 42841  97.4852 354.2891 0011276 316.8387  43.1480 14.92717675206503
LEMUR-2-DEMBITZ         
1 42842U 17042T   21119.12154873  .00000820  00000-0  84608-4 0  9999
2 42842  97.4856 354.1473 0011398 307.7673  52.2514 14.92704414206499
LEMUR-2-ZACHARY         
1 42845U 17042W   21119.10093071  .00000524  00000-0  55430-4 0  9994
2 42845  97.4772 353.5788 0011667 310.0434  49.9762 14.93014710206517
LEMUR-2-ARTFISCHER      
1 42881U 17042BJ  21118.54614856  .00009099  00000-0  19617-3 0  9993
2 42881  96.8514 333.8157 0008362 250.0383 109.9967 15.44744300212624
LEMUR-2-ROCKETJONAH     
1 43041U 17071E   21119.08696081  .00021434  00000-0  30564-3 0  9995
2 43041  51.6327 286.3382 0000711 321.7720  38.3221 15.56239441193845
LEMUR-2-YONGLIN         
1 43045U 17071J   21118.84015752  .00026251  00000-0  34912-3 0  9995
2 43045  51.6346 281.1022 0001460 144.3693 215.7397 15.57991471191622
LEMUR-2-KEVIN           
1 43046U 17071K   21119.09612821  .00018494  00000-0  28858-3 0  9996
2 43046  51.6352 291.7729 0002408 137.1230 222.9948 15.53874001191505
LEMUR-2-BRIANDAVIE      
1 43047U 17071L   21118.58573567  .00022599  00000-0  33253-3 0  9999
2 43047  51.6331 292.6972 0002034 190.0129 170.0821 15.55348893191435
LEMUR-2-ROMACOSTE       
1 43048U 17071M   21118.49141132  .00023116  00000-0  33263-3 0  9996
2 43048  51.6340 289.1974 0002025 190.4943 169.6007 15.55942447191476
LEMUR-2-MCCULLAGH       
1 43051U 17071Q   21119.01690029  .00020211  00000-0  29221-3 0  9995
2 43051  51.6392 286.8469 0001160 318.0937  41.9965 15.55904516191504
LEMUR-2-DUNLOP          
1 43053U 17071S   21118.52238622  .00018360  00000-0  28622-3 0  9995
2 43053  51.6333 296.7110 0001003 279.8338  80.2539 15.53907112191336
LEMUR-2-LIU-POU-CHUN    
1 43054U 17071T   21118.87740644  .00020915  00000-0  31516-3 0  9991
2 43054  51.6343 290.2189 0000244 302.2823  57.8145 15.54747665191451
LEMUR-2-MCCAFFERTY      
1 43123U 18004N   21118.87673043  .00003746  00000-0  14373-3 0  9998
2 43123  97.4136 195.2784 0009525  28.4746 331.7011 15.27064331183205
LEMUR-2-PETERWEBSTER    
1 43124U 18004P   21119.14974198  .00003609  00000-0  13909-3 0  9997
2 43124  97.4136 195.3981 0009446  26.7082 333.4642 15.26945950183238
LEMUR-2-BROWNCOW        
1 43125U 18004Q   21118.83203625  .00004701  00000-0  17589-3 0  9995
2 43125  97.4165 195.7527 0009083  28.5844 331.5892 15.27768850183222
LEMUR-2-DAVEWILSON      
1 43126U 18004R   21118.84591903  .00004192  00000-0  15799-3 0  9991
2 43126  97.4156 195.5656 0009222  28.8777 331.2971 15.27595755183213
LEMUR-2-MARSHALL        
1 43165U 18010C   21118.44670407  .00004863  00000-0  20697-3 0  9992
2 43165  82.9141  99.1209 0029689   7.2963 352.8700 15.22332217181268
LEMUR-2-TALLHAMN-ATC    
1 43167U 18010E   21118.49895835  .00003714  00000-0  17100-3 0  9992
2 43167  82.9175 103.1473 0024361  25.8016 334.4428 15.19712887181021
LEMUR-2-JIN-LUEN        
1 43182U 18014C   21118.56967218  .00000938  00000-0  86303-4 0  9993
2 43182  97.6719  25.4072 0012009 251.7643 108.2272 14.97075770176798
LEMUR-2-URAMCHANSOL     
1 43183U 18014D   21118.52689453  .00000702  00000-0  65690-4 0  9997
2 43183  97.6716  25.4842 0012519 252.6758 107.3095 14.97147481176796
LEMUR-2-KADI            
1 43184U 18014E   21118.52283643  .00000452  00000-0  44164-4 0  9994
2 43184  97.6717  25.4940 0012353 253.7348 106.2515 14.97081468176797
LEMUR-2-THENICKMOLO     
1 43185U 18014F   21118.51343157  .00000347  00000-0  35083-4 0  9994
2 43185  97.6733  25.5654 0011929 254.4770 105.5135 14.97133899176790
LEMUR-2-VU              
1 43558U 18046E   21118.45318082  .00007090  00000-0  22678-3 0  9992
2 43558  51.6423  23.4267 0006935 357.1561   2.9380 15.33502246155704
LEMUR-2-ALEXANDER       
1 43559U 18046F   21118.44683822  .00006839  00000-0  21753-3 0  9992
2 43559  51.6421  22.6551 0006875 357.0558   3.0383 15.33742938155493
LEMUR-2-YUASA           
1 43560U 18046G   21118.15903141  .00008144  00000-0  25926-3 0  9998
2 43560  51.6417  25.2089 0007190   8.7143 351.3963 15.33435119155657
LEMUR-2-TOMHENDERSON    
1 43561U 18046H   21118.94753716  .00007196  00000-0  23253-3 0  9994
2 43561  51.6416  22.2079 0007401   7.6213 352.4879 15.33144819155320
LEMUR-2-ZUPANSKI        
1 43695U 18088F   21118.59247292  .00003245  00000-0  13788-3 0  9999
2 43695  85.0343 229.0501 0015359 220.4222 139.5880 15.22537769136706
LEMUR-2-CHANUSIAK       
1 43697U 18088H   21118.53084781  .00003536  00000-0  14670-3 0  9991
2 43697  85.0406 229.1326 0014769 198.5579 161.5127 15.23386144136774
LEMUR-2-ORZULAK         
1 43731U 18096N   21118.45817763  .00005719  00000-0  19187-3 0  9997
2 43731  97.3926 198.2296 0020699  90.2226 270.1387 15.31076094134608
LEMUR-2-KOBYSZCZE       
1 43732U 18096P   21118.44206953  .00006121  00000-0  20453-3 0  9996
2 43732  97.3934 198.4604 0020659  90.3130 270.0478 15.31179950134610
LEMUR-2-DULY            
1 43745U 18096AC  21118.50038732  .00005268  00000-0  17623-3 0  9991
2 43745  97.3928 198.4732 0020617  89.4311 270.9292 15.31213228134635
LEMUR-2-VLADIMIR        
1 43746U 18096AD  21119.16027414  .00005743  00000-0  19046-3 0  9999
2 43746  97.3923 199.2560 0020480  87.4798 272.8788 15.31456330134762
LEMUR-2-CHRISTINAHOLT   
1 43882U 18111G   21118.50348200  .00001580  00000-0  14094-3 0  9997
2 43882  97.6932  27.7427 0009657 269.6049  90.4067 14.97365733127649
LEMUR-2-TINYKEV         
1 43883U 18111H   21118.46495909  .00000679  00000-0  63246-4 0  9994
2 43883  97.6920  27.8061 0010457 271.3512  88.6512 14.97465698127642
LEMUR-2-REMY-COLTON     
1 43884U 18111J   21119.09337513  .00001703  00000-0  15051-3 0  9990
2 43884  97.6945  28.6100 0009446 267.3145  92.6995 14.97642124125757
LEMUR-2-GUSTAVO         
1 43885U 18111K   21118.31400241  .00000669  00000-0  62417-4 0  9993
2 43885  97.6943  27.7686 0009589 270.1326  89.8797 14.97456097127624
LEMUR-2-ZO              
1 43886U 18111L   21118.46537784  .00000627  00000-0  58746-4 0  9997
2 43886  97.6937  28.0854 0010045 267.7931  92.2141 14.97539762127657
LEMUR-2-NATALIEMURRAY   
1 43887U 18111M   21118.46537567  .00000598  00000-0  56071-4 0  9993
2 43887  97.6941  28.2523 0010186 266.4038  93.6019 14.97661815127663
LEMUR-2-SARAHBETTYBOO   
1 43888U 18111N   21118.57051294  .00001512  00000-0  13390-3 0  9997
2 43888  97.6964  28.5060 0009317 263.6659  96.3502 14.97708292127680
LEMUR-2-DAISY-HARPER    
1 43889U 18111P   21118.72651521  .00000380  00000-0  37322-4 0  9998
2 43889  97.6957  28.7671 0009959 264.3581  95.6506 14.97798799127707
LEMUR-2-JOHANLORAN      
1 44084U 19018G   21119.14464414  .00004628  00000-0  18606-3 0  9995
2 44084  97.3670 181.5510 0014082 133.6535 226.5873 15.25323752115483
LEMUR-2-BEAUDACIOUS     
1 44085U 19018H   21119.10402441  .00004538  00000-0  18557-3 0  9999
2 44085  97.3662 181.2869 0014161 135.2048 225.0336 15.24761510115467
LEMUR-2-ELHAM           
1 44086U 19018J   21119.12292040  .00004605  00000-0  18439-3 0  9998
2 44086  97.3682 181.7968 0014233 134.4676 225.7729 15.25457151115493
LEMUR-2-VICTOR-ANDREW   
1 44087U 19018K   21119.16497395  .00004722  00000-0  18824-3 0  9991
2 44087  97.3681 181.8981 0014042 134.8557 225.3824 15.25596525115513
LEMUR-2-LILLYJO         
1 44396U 19038L   21118.77278151  .00003202  00000-0  17878-3 0  9999
2 44396  97.5754  83.0905 0025593 117.0731 243.3116 15.13985243100264
LEMUR-2-WANLI           
1 44402U 19038S   21118.73886086  .00002186  00000-0  12378-3 0  9995
2 44402  97.5761  83.0364 0025688 117.5140 242.8706 15.13825365100260
LEMUR-2-MORAG           
1 44403U 19038T   21118.76715724  .00003000  00000-0  16721-3 0  9991
2 44403  97.5799  83.4389 0024354 120.2949 240.0697 15.14124168100274
LEMUR-2-DUSTINTHEWIND   
1 44405U 19038V   21118.71047651  .00002576  00000-0  14545-3 0  9994
2 44405  97.5751  82.9842 0025569 116.9341 243.4507 15.13768110100265
LEMUR-2-ALEX-MADDY      
1 44407U 19038X   21119.16412769  .00002029  00000-0  11701-3 0  9996
2 44407  97.5814  83.5610 0024580 120.6974 239.6684 15.13286583100300
LEMUR-2-EJATTA          
1 44409U 19038Z   21119.14541537  .00002243  00000-0  12556-3 0  9999
2 44409  97.5747  83.5978 0025434 114.3851 246.0039 15.14225333100344
LEMUR-2-GREGROBINSON    
1 44411U 19038AB  21118.66776237  .00002597  00000-0  14568-3 0  9992
2 44411  97.5808  83.3414 0024471 121.7267 238.6354 15.14022774 99923
LEMUR-2-YNDRD           
1 44413U 19038AD  21118.62613090  .00001767  00000-0  10249-3 0  9997
2 44413  97.5799  82.9794 0024379 122.0120 238.3484 15.13242238100235
LEMUR-2-JPGSQUARED      
1 44855U 19089D   21119.08062131  .00001713  00000-0  14289-3 0  9997
2 44855  36.9673  33.0418 0004456  99.9418 260.1826 14.99588337 75745
LEMUR-2-HIMOMANDDAD     
1 44860U 19089J   21119.13520853  .00001333  00000-0  11315-3 0  9994
2 44860  36.9670  33.4678 0004897  91.3531 268.7772 14.99423719 75747
LEMUR-2-PAPPY           
1 44861U 19089K   21119.05282380  .00001313  00000-0  11139-3 0  9998
2 44861  36.9668  33.7299 0004952  93.1452 266.9856 14.99455304 75671
LEMUR-2-THEODOSIA       
1 44863U 19089M   21119.10320648  .00001696  00000-0  14196-3 0  9996
2 44863  36.9665  33.1990 0004832  98.6004 261.5285 14.99491669 75594
LEMUR-2-ETHANOAKES      
1 46298U 20061AC  21118.48964787  .00003078  00000-0  18525-3 0  9996
2 46298  97.4908 193.1774 0001816 137.6232 222.5139 15.11557142 35756
LEMUR-2-OSCARLATOR      
1 46299U 20061AD  21119.15309158  .00003076  00000-0  18526-3 0  9996
2 46299  97.4909 193.8322 0001869 133.9541 226.1843 15.11533928 35886
LEMUR-2-SCHMIDTFALL     
1 46315U 20061AV  21119.15983430  .00003135  00000-0  18660-3 0  9991
2 46315  97.4909 193.9816 0003487 135.0823 225.0690 15.11949218 35935
LEMUR-2-DJUPROERA       
1 46316U 20061AW  21119.15390853  .00003292  00000-0  19543-3 0  9998
2 46316  97.4905 193.9763 0003665 136.0007 224.1516 15.12010099 35930
LEMUR-2-SQUAREJAWS      
1 46317U 20061AX  21119.15515609  .00003248  00000-0  19298-3 0  9995
2 46317  97.4906 193.9789 0003610 134.3822 225.7705 15.11980625 35944
LEMUR-2-URSA-AVION      
1 46318U 20061AY  21119.15048895  .00003211  00000-0  19065-3 0  9996
2 46318  97.4907 193.9844 0003809 132.0399 228.1157 15.12018884 35940
LEMUR-2-SLICERS         
1 46500U 20068Q   21118.86311008 -.00000140  00000-0 -59199-5 0  9996
2 46500  97.6880  56.3398 0011440 261.0174  98.9735 15.02662414 31815
LEMUR-2-DAYWZAGOODDAY   
1 46501U 20068R   21118.53786673  .00001475  00000-0  11487-3 0  9991
2 46501  97.6886  56.0031 0010888 258.8354 101.1659 15.02746463 31754
LEMUR-2-SUSURRUS        
1 46502U 20068S   21118.94022590  .00002247  00000-0  17243-3 0  9992
2 46502  97.6879  56.3874 0010408 259.5020 100.5027 15.02783475 31825
LEMUR-2-NICHOL          
1 46503U 20068T   21118.62703635  .00002189  00000-0  16890-3 0  9996
2 46503  97.6863  56.0206 0012118 261.4669  98.5183 15.02584121 31776
LEMUR-2-OZARAK          
1 46908U 20081D   21118.50237361  .00001391  00000-0  11837-3 0  9995
2 46908  36.9048 162.0290 0008197 296.2098  63.7799 14.99159788 25830
LEMUR-2-JINDRA          
1 46909U 20081E   21118.49348852  .00001621  00000-0  13659-3 0  9992
2 46909  36.9044 161.9570 0008024 297.6223  62.3702 14.99263242 25841
LEMUR-2-WALLACE         
1 46910U 20081F   21118.42334823  .00001400  00000-0  11875-3 0  9993
2 46910  36.9025 162.3203 0008346 297.3513  62.6442 14.99278412 25823
LEMUR-2-JEREMIAH        
1 46911U 20081G   21118.41726205  .00001200  00000-0  10251-3 0  9997
2 46911  36.9045 162.2762 0008310 300.6658  59.3290 14.99345549 25835
LEMUR-2-BAXTER-OLIVER   
1 46925U 98067RV  21118.46527839  .00042068  00000-0  55228-3 0  9998
2 46925  51.6428 222.6236 0002814 333.2799  26.8048 15.58093083 27085
LEMUR-2-DJARA           
1 46926U 98067RW  21118.81275373  .00033043  00000-0  44643-3 0  9993
2 46926  51.6424 221.1906 0001713 326.8092  33.2792 15.57442865 27141
LEMUR-2-NEVA            
1 47450U 21006AP  21119.12190299  .00002395  00000-0  13938-3 0  9992
2 47450  97.4967 181.2713 0010208 271.8833  88.1229 15.12963751 14599
LEMUR-2-SAOIRSEDH5GUO   
1 47453U 21006AS  21118.81033170  .00002081  00000-0  12264-3 0  9997
2 47453  97.4999 180.9643 0008845 275.2133  84.8089 15.12662491 14549
LEMUR-2-NALLYWACKER     
1 47457U 21006AW  21119.12738108  .00002031  00000-0  11903-3 0  9993
2 47457  97.4972 181.2732 0009888 272.2356  87.7743 15.12875039 14597
LEMUR-2-MANGO1          
1 47493U 21006CJ  21119.13760248  .00001690  00000-0  10022-3 0  9995
2 47493  97.4913 181.1786 0009257 274.3372  85.6801 15.12692724 14591
LEMUR-2-RUAIRI-EILIDH   
1 47511U 21006DC  21119.10699041  .00002190  00000-0  13084-3 0  9992
2 47511  97.4914 181.0684 0006785 277.5742  82.4718 15.12123617 14589
LEMUR-2-JENNIFERSONG    
1 47525U 21006DR  21119.12499696  .00002245  00000-0  13110-3 0  9994
2 47525  97.4931 181.2188 0010025 272.5700  87.4383 15.12904685 14591
LEMUR-2-CHANTAL         
1 47529U 21006DV  21118.45474820  .00002275  00000-0  13644-3 0  9990
2 47529  97.4927 180.4208 0006179 281.7711  78.2826 15.11947740 15446
LEMUR-2-NOOBNOOB        
1 47538U 21006DY  21119.12994724  .00001971  00000-0  11581-3 0  9995
2 47538  97.4984 181.2854 0009742 272.6780  87.3336 15.12818118 14598
