SPACEBEE-4              
1 43139U 18004AE  21119.13958176  .00005556  00000-0  19872-3 0  9998
2 43139  97.4187 197.5333 0008025  28.5076 331.6602 15.29181468183347
SPACEBEE-3              
1 43140U 18004AF  21118.18678376  .00008331  00000-0  28240-3 0  9998
2 43140  97.4218 197.9248 0007430  29.2864 330.8792 15.30783061183288
SPACEBEE-2              
1 43141U 18004AG  21118.47538174  .00008784  00000-0  29245-3 0  9990
2 43141  97.4235 198.7301 0007206  27.1784 332.9833 15.31347281183354
SPACEBEE-1              
1 43142U 18004AH  21118.14890751  .00009558  00000-0  31150-3 0  9995
2 43142  97.4244 198.9193 0007054  27.4703 332.6910 15.32010494183325
SPACEBEE-7              
1 43816U 18099BL  21119.13110375  .00000900  00000-0  85114-4 0  9996
2 43816  97.6703 191.4512 0013065 197.0571 163.0213 14.96068738130680
SPACEBEE-5              
1 43817U 18099BM  21118.90842494  .00001238  00000-0  11191-3 0  9993
2 43817  97.6792 192.3505 0012610 196.2366 163.8453 14.97208438130698
SPACEBEE-6              
1 43818U 18099BN  21118.83978443  .00000714  00000-0  67990-4 0  9997
2 43818  97.6734 191.5083 0012746 197.4219 162.6566 14.96417774130806
SPACEBEE-9              
1 44370U 19037F   21118.48306200  .00028755  00000-0  42974-3 0  9990
2 44370  44.9991 143.3484 0008122 293.8956  66.1086 15.54519817103409
SPACEBEE-8              
1 44371U 19037G   21115.38628577  .04142189  47795-1  31371-2 0  9994
2 44371  44.9858 123.2481 0004816 133.1113 227.0208 16.18815125103364
SPACEBEE-21             
1 46300U 20061AE  21119.12433193  .00002833  00000-0  16947-3 0  9998
2 46300  97.4912 193.8693 0002078 128.9161 231.2254 15.11845903 35847
SPACEBEE-20             
1 46301U 20061AF  21118.85760718  .00002771  00000-0  16581-3 0  9999
2 46301  97.4919 193.6229 0002057 128.4495 231.6920 15.11857514 35801
SPACEBEE-15             
1 46302U 20061AG  21118.85003043  .00003041  00000-0  18106-3 0  9997
2 46302  97.4912 193.6198 0002013 125.4878 234.6540 15.11964945 35802
SPACEBEE-19             
1 46303U 20061AH  21119.11925784  .00002860  00000-0  17075-3 0  9995
2 46303  97.4913 193.8794 0002077 127.9055 232.2364 15.11905614 35842
SPACEBEE-18             
1 46304U 20061AJ  21118.45787271  .00003282  00000-0  19550-3 0  9998
2 46304  97.4915 193.2281 0002051 126.9810 233.1609 15.11891156 35746
SPACEBEE-10             
1 46305U 20061AK  21118.83564198  .00003985  00000-0  23478-3 0  9996
2 46305  97.4915 193.6459 0001962 129.2858 230.8546 15.12160471 35807
SPACEBEE-17             
1 46306U 20061AL  21119.11455351  .00002918  00000-0  17390-3 0  9990
2 46306  97.4913 193.8875 0002058 127.2357 232.9061 15.11958460 35884
SPACEBEE-11             
1 46307U 20061AM  21118.84025011  .00003475  00000-0  20563-3 0  9991
2 46307  97.4914 193.6401 0002012 128.7270 231.4141 15.12091636 35808
SPACEBEE-16             
1 46308U 20061AN  21119.17919349  .00002638  00000-0  15749-3 0  9995
2 46308  97.4875 193.9538 0001183 124.3249 235.8104 15.11976616 35856
SPACEBEE-12             
1 46309U 20061AP  21119.10723056  .00003297  00000-0  19545-3 0  9997
2 46309  97.4912 193.8961 0002026 127.3248 232.8168 15.12057825 35846
SPACEBEE-13             
1 46310U 20061AQ  21118.51418451  .00003270  00000-0  19409-3 0  9993
2 46310  97.4916 193.3102 0002041 127.0992 233.0426 15.12020348 35798
SPACEBEE-14             
1 46311U 20061AR  21118.44824859  .00003527  00000-0  20914-3 0  9997
2 46311  97.4916 193.2459 0002044 126.6469 233.4950 15.12007321 35770
SPACEBEE-34             
1 46933U 20085E   21118.68839393  .00009120  00000-0  38775-3 0  9997
2 46933  97.3824 256.2773 0016922 100.7540 259.5605 15.23122181 24272
SPACEBEE-35             
1 46934U 20085F   21118.95474158  .00008593  00000-0  36629-3 0  9991
2 46934  97.3829 256.5327 0017280 100.0326 260.2857 15.23049202 24314
SPACEBEE-36             
1 46935U 20085G   21118.95584656  .00008504  00000-0  36286-3 0  9998
2 46935  97.3840 256.5376 0016899  99.6922 260.6229 15.23024254 24319
SPACEBEE-37             
1 46936U 20085H   21118.63363341  .00008254  00000-0  35355-3 0  9998
2 46936  97.3838 256.2061 0016946 101.4682 258.8471 15.22903003 24262
SPACEBEE-38             
1 46937U 20085J   21118.96665427  .00008042  00000-0  34506-3 0  9997
2 46937  97.3826 256.5124 0016996  99.7176 260.5981 15.22849445 24316
SPACEBEENZ-3            
1 46938U 20085K   21118.34255812  .00005163  00000-0  22698-3 0  9993
2 46938  97.3847 255.8394 0017416  99.4789 260.8429 15.22194029 24216
SPACEBEENZ-4            
1 46939U 20085L   21119.13442443  .00005129  00000-0  22582-3 0  9994
2 46939  97.3838 256.6064 0017266  97.0727 263.2474 15.22148848 24337
SPACEBEENZ-5            
1 46941U 20085N   21119.13792680  .00004911  00000-0  21664-3 0  9996
2 46941  97.3838 256.5995 0017220  97.4142 262.9052 15.22106575 24336
SPACEBEENZ-6            
1 46942U 20085P   21118.61263350  .00004909  00000-0  21669-3 0  9998
2 46942  97.3857 256.0876 0017062  99.3577 260.9588 15.22081861 24251
SPACEBEE-33             
1 46944U 20085R   21119.10414362  .00007489  00000-0  32896-3 0  9996
2 46944  97.3837 256.4585 0016071 108.2813 252.0174 15.22091054 24320
SPACEBEE-32             
1 46945U 20085S   21118.38088694  .00007817  00000-0  34273-3 0  9997
2 46945  97.3827 255.7566 0016313 112.3478 247.9489 15.22133603 24210
SPACEBEE-30             
1 46946U 20085T   21118.64527243  .00007892  00000-0  34648-3 0  9994
2 46946  97.3831 256.0076 0016298 110.6880 249.6159 15.22087166 24255
SPACEBEE-31             
1 46947U 20085U   21119.17148994  .00007733  00000-0  33933-3 0  9996
2 46947  97.3827 256.5263 0016406 110.1952 250.1058 15.22106924 24338
SPACEBEE-28             
1 46948U 20085V   21118.64409632  .00008073  00000-0  35373-3 0  9995
2 46948  97.3823 256.0180 0016306 111.6603 248.6407 15.22144242 24252
SPACEBEE-29             
1 46949U 20085W   21118.64446995  .00007861  00000-0  34490-3 0  9992
2 46949  97.3823 256.0123 0016202 110.9971 249.3048 15.22112825 24256
SPACEBEE-27             
1 46950U 20085X   21118.64415759  .00008459  00000-0  36993-3 0  9992
2 46950  97.3831 256.0259 0016362 112.9937 247.3069 15.22195454 24258
SPACEBEE-25             
1 46951U 20085Y   21119.16540499  .00008697  00000-0  37927-3 0  9993
2 46951  97.3823 256.5447 0015991 110.4769 249.8181 15.22291163 24332
SPACEBEE-24             
1 46952U 20085Z   21118.64533597  .00008182  00000-0  35842-3 0  9990
2 46952  97.3823 256.0173 0016443 112.6818 247.6220 15.22149643 24252
SPACEBEE-22             
1 46953U 20085AA  21119.16556973  .00008852  00000-0  38588-3 0  9996
2 46953  97.3823 256.5418 0016029 110.8325 249.4630 15.22295269 24333
SPACEBEE-26             
1 46956U 20085AD  21118.64626693  .00008234  00000-0  36072-3 0  9998
2 46956  97.3840 256.0189 0016237 111.9902 248.3099 15.22145987 24179
SPACEBEENZ-2            
1 46957U 20085AE  21118.60229261  .00005452  00000-0  23915-3 0  9996
2 46957  97.3846 256.1044 0017422  98.8802 261.4405 15.22244050 24219
SPACEBEE-39             
1 46958U 20085AF  21118.37959040  .00007818  00000-0  33643-3 0  9993
2 46958  97.3829 255.9243 0017196 102.7352 257.5808 15.22759685 23523
SPACEBEENZ-1            
1 46959U 20085AG  21119.12454667  .00005780  00000-0  25282-3 0  9999
2 46959  97.3841 256.6272 0017404  97.0979 263.2252 15.22313433 23817
SPACEBEE-23             
1 46960U 20085AH  21118.37808409  .00008854  00000-0  38651-3 0  9993
2 46960  97.3834 255.7668 0015748 112.2307 248.0602 15.22253433 23345
SPACEBEE-52             
1 47425U 21006N   21119.10237403  .00004252  00000-0  23377-3 0  9993
2 47425  97.4948 181.4224 0012743 270.6124  89.3648 15.14556425 14603
SPACEBEE-46             
1 47426U 21006P   21118.84166307  .00004021  00000-0  22200-3 0  9996
2 47426  97.4946 181.1560 0012851 272.0478  87.9282 15.14440484 15527
SPACEBEE-47             
1 47427U 21006Q   21118.84434659  .00003980  00000-0  22004-3 0  9990
2 47427  97.4944 181.1505 0012800 272.8950  87.0817 15.14391149 14563
SPACEBEE-59             
1 47428U 21006R   21118.84740410  .00003995  00000-0  22122-3 0  9993
2 47428  97.4945 181.1481 0012741 273.8697  86.1078 15.14337769 15525
SPACEBEE-62             
1 47429U 21006S   21119.12637228  .00001943  00000-0  11071-3 0  9990
2 47429  97.4926 181.3696 0012761 268.7476  91.2293 15.13930288 14603
SPACEBEE-61             
1 47431U 21006U   21119.12655377  .00003384  00000-0  20118-3 0  9991
2 47431  97.4981 181.1377 0004862 278.0889  81.9790 15.11934679 14587
SPACEBEE-49             
1 47432U 21006V   21118.86616698  .00003084  00000-0  18408-3 0  9991
2 47432  97.4985 180.8759 0004593 280.2218  79.8494 15.11856791 15502
SPACEBEE-60             
1 47433U 21006W   21118.86939633  .00003026  00000-0  18092-3 0  9994
2 47433  97.4989 180.8752 0004258 280.8288  79.2463 15.11815274 15502
SPACEBEE-53             
1 47434U 21006X   21119.13214405  .00003650  00000-0  21698-3 0  9998
2 47434  97.4991 181.1397 0004223 279.5549  80.5204 15.11893077 14584
SPACEBEE-63             
1 47442U 21006AF  21118.80310474  .00001413  00000-0  86886-4 0  9999
2 47442  97.4977 180.7902 0005012 282.6801  77.3869 15.11626433 14533
SPACEBEE-50             
1 47443U 21006AG  21118.85949515  .00003543  00000-0  21023-3 0  9996
2 47443  97.4981 180.8789 0004990 279.0813  80.9852 15.11969270 14542
SPACEBEE-51             
1 47444U 21006AH  21118.85781478  .00004225  00000-0  24935-3 0  9992
2 47444  97.4904 180.7728 0004825 282.2942  77.7748 15.12058158 14549
SPACEBEE-48             
1 47447U 21006AL  21118.84590385  .00004524  00000-0  25725-3 0  9999
2 47447  97.4894 180.9255 0010062 272.7636  87.2444 15.13339488 14550
SPACEBEE-40             
1 47449U 21006AN  21119.11261616  .00004020  00000-0  22945-3 0  9996
2 47449  97.4895 181.1860 0010100 271.8175  88.1899 15.13269255 14591
SPACEBEE-41             
1 47451U 21006AQ  21118.85023364  .00004168  00000-0  23801-3 0  9990
2 47451  97.4900 180.9300 0009937 273.0529  86.9565 15.13234450 14551
SPACEBEE-42             
1 47455U 21006AU  21118.85305347  .00004057  00000-0  23212-3 0  9991
2 47455  97.4904 180.9322 0009815 273.1863  86.8245 15.13182531 14556
SPACEBEE-55             
1 47459U 21006AY  21119.12848889  .00001788  00000-0  10534-3 0  9990
2 47459  97.4895 181.1645 0010805 279.5534  80.4476 15.12828321 14599
SPACEBEE-54             
1 47460U 21006AZ  21118.78837383  .00004143  00000-0  23708-3 0  9995
2 47460  97.4907 180.8693 0009673 273.7344  86.2781 15.13159385 14546
SPACEBEE-58             
1 47464U 21006BD  21119.10874753  .00003857  00000-0  21336-3 0  9994
2 47464  97.4945 181.4128 0012801 271.7793  88.1972 15.14392928 14608
SPACEBEE-57             
1 47465U 21006BE  21118.47413677  .00001508  00000-0  92665-4 0  9993
2 47465  97.4920 180.3856 0004421 296.2708  63.8067 15.11566873 14485
SPACEBEE-44             
1 47466U 21006BF  21118.85397813  .00003821  00000-0  22572-3 0  9998
2 47466  97.4910 180.7877 0005282 281.3207  78.7430 15.12083090 14549
SPACEBEE-56             
1 47468U 21006BH  21119.11837539  .00003671  00000-0  21705-3 0  9994
2 47468  97.4912 181.0504 0005421 280.0294  80.0325 15.12076484 14583
SPACEBEE-45             
1 47470U 21006BK  21118.85161417  .00003937  00000-0  23221-3 0  9992
2 47470  97.4916 180.7979 0005464 281.1063  78.9553 15.12118518 14545
SPACEBEE-43             
1 47480U 21006BV  21118.85453596  .00003914  00000-0  23120-3 0  9998
2 47480  97.4909 180.7846 0005271 281.3752  78.6887 15.12075920 14540
SPACEBEE-87             
1 47703U 21015E   21118.44168601  .00005657  00000-0  25262-3 0  9996
2 47703  97.4543 193.2118 0012356  91.6081 268.6570 15.21691173  8998
SPACEBEE-86             
1 47704U 21015F   21118.17842092  .00005749  00000-0  25655-3 0  9998
2 47704  97.4542 192.9505 0012295  92.3393 267.9251 15.21705487  8936
SPACEBEE-85             
1 47705U 21015G   21118.17870185  .00005856  00000-0  26135-3 0  9996
2 47705  97.4540 192.9496 0012297  92.2358 268.0286 15.21698645  8955
SPACEBEE-84             
1 47706U 21015H   21118.44182537  .00005475  00000-0  24450-3 0  9999
2 47706  97.4541 193.2098 0012286  91.4194 268.8449 15.21702443  8991
SPACEBEE-83             
1 47707U 21015J   21119.16557761  .00005358  00000-0  23943-3 0  9991
2 47707  97.4538 193.9258 0012201  88.9867 271.2767 15.21690524  9109
SPACEBEE-82             
1 47708U 21015K   21118.17881886  .00005721  00000-0  25529-3 0  9996
2 47708  97.4541 192.9491 0012311  92.4035 267.8610 15.21711147  8956
SPACEBEE-81             
1 47709U 21015L   21118.17864392  .00006336  00000-0  28228-3 0  9992
2 47709  97.4540 192.9488 0012245  92.2346 268.0293 15.21722848  8872
SPACEBEE-80             
1 47710U 21015M   21119.16508436  .00005691  00000-0  25379-3 0  9995
2 47710  97.4536 193.9257 0012246  89.3889 270.8750 15.21733259  9108
SPACEBEE-76             
1 47711U 21015N   21119.16442383  .00006358  00000-0  28286-3 0  9995
2 47711  97.4536 193.9268 0012190  89.4926 270.7707 15.21773140  9106
SPACEBEE-79             
1 47712U 21015P   21118.17882913  .00006685  00000-0  29764-3 0  9998
2 47712  97.4541 192.9482 0012232  92.2249 268.0388 15.21726496  8956
SPACEBEE-77             
1 47714U 21015Q   21119.16472085  .00006256  00000-0  27847-3 0  9999
2 47714  97.4537 193.9264 0012186  89.3977 270.8655 15.21760719  9028
SPACEBEE-78             
1 47715U 21015R   21119.16530432  .00005770  00000-0  25738-3 0  9998
2 47715  97.4538 193.9262 0012158  88.9586 271.3043 15.21722941  9109
