TDRS 3                  
1 19548U 88091B   21119.02303387 -.00000309  00000-0  00000+0 0  9995
2 19548  13.9962 354.6905 0036868 330.0937 211.7378  1.00266127106569
HST                     
1 20580U 90037B   21119.07170241  .00000702  00000-0  31518-4 0  9991
2 20580  28.4707  31.8184 0002499 248.0432 233.0037 15.09625860503780
TDRS 5                  
1 21639U 91054B   21118.67627792  .00000076  00000-0  00000-0 0  9992
2 21639  14.2550   8.0083 0027669   6.0936 278.6642  1.00265807108905
TDRS 6                  
1 22314U 93003B   21118.46247314 -.00000302  00000-0  00000+0 0  9996
2 22314  14.0928  11.1986 0009400  75.2944 250.6422  1.00267399103561
TDRS 7                  
1 23613U 95035B   21119.07278650 -.00000210  00000-0  00000+0 0  9999
2 23613  14.1194   1.8740 0030964  37.8177 288.5350  1.00275268 94344
ISS (ZARYA)             
1 25544U 98067A   21119.32881497  .00002819  00000-0  59367-4 0  9990
2 25544  51.6431 224.3863 0002539 292.2065 167.0976 15.48963438281025
LANDSAT 7               
1 25682U 99020A   21119.14031737 -.00000030  00000-0  30219-5 0  9997
2 25682  98.0358 177.7416 0001269  70.5664 289.5664 14.57202454172214
TERRA                   
1 25994U 99068A   21119.13429587  .00000096  00000-0  31289-4 0  9996
2 25994  98.1776 194.4557 0001363 100.7430 346.0187 14.57126983136287
TDRS 8                  
1 26388U 00034A   21118.88258194 -.00000238  00000-0  00000+0 0  9995
2 26388   9.7219  45.3829 0022758 335.4587 243.2464  1.00270232 76361
TIMED                   
1 26998U 01055B   21118.46661947  .00000218  00000-0  27570-4 0  9997
2 26998  74.0745  26.0532 0001152 311.8782  48.2300 14.88297197 51290
TDRS 9                  
1 27389U 02011A   21118.73341068 -.00000290  00000-0  00000-0 0  9990
2 27389   8.1484  64.5575 0025874 291.9238  62.2703  1.00272974 71637
AQUA                    
1 27424U 02022A   21119.15038494  .00000140  00000-0  41053-4 0  9995
2 27424  98.2065  61.1901 0002492  81.9618 341.4238 14.57117636  9891
TDRS 10                 
1 27566U 02055A   21118.79907274  .00000085  00000-0  00000+0 0  9998
2 27566   7.4606  52.1286 0011646 318.1839 323.1537  1.00272378 67429
SORCE                   
1 27651U 03004A   21118.43370365  .00000275  00000-0  42648-4 0  9994
2 27651  39.9967  13.2860 0021098  74.8011 285.5109 14.89287869991165
AURA                    
1 28376U 04026A   21118.66323410  .00000140  00000-0  41208-4 0  9990
2 28376  98.2064  62.8652 0001523  73.1027 287.0338 14.57122564892824
SWIFT                   
1 28485U 04047A   21118.96737296  .00001329  00000-0  60072-4 0  9998
2 28485  20.5575 335.6286 0011163  89.1628 271.0085 15.04966214901081
THEMIS A                
1 30580U 07004A   21119.02650956 -.00000237  00000-0  00000+0 0  9996
2 30580  16.3748  21.0376 8392512  88.3407 352.8586  0.87835831 49481
THEMIS D                
1 30797U 07004D   21118.11797757 -.00000184  00000-0  00000-0 0  9998
2 30797  13.6850   6.5770 8366262 104.6552  71.5487  0.87838052 24584
THEMIS E                
1 30798U 07004E   21117.91495840 -.00000163  00000-0  00000+0 0  9990
2 30798  13.3882  18.3108 8355715  95.7432 351.3654  0.87842142 49409
AIM                     
1 31304U 07015A   21119.11173389  .00001676  00000-0  95361-4 0  9999
2 31304  97.8732  19.1149 0005449  15.6422 344.4976 15.14326628768440
FGRST (GLAST)           
1 33053U 08029A   21118.17231500  .00000628  00000-0  19079-4 0  9991
2 33053  25.5819 116.9129 0012578  51.6920 308.4745 15.11510007710843
WISE                    
1 36119U 09071A   21118.55873691  .00001622  00000-0  56988-4 0  9995
2 36119  97.2894 155.9969 0002623  24.3851 335.7514 15.30802007631993
TDRS 11                 
1 39070U 13004A   21118.80258815  .00000070  00000-0  00000-0 0  9994
2 39070   3.3971 336.6561 0006553  47.4807 307.4740  1.00266766 27887
TDRS 12                 
1 39504U 14004A   21118.45045383 -.00000279  00000-0  00000+0 0  9993
2 39504   4.2798 341.3120 0002464  81.2199 275.3251  1.00276301 26646
GPM-CORE                
1 39574U 14009C   21119.10464913  .00003516  00000-0  54454-4 0  9995
2 39574  65.0037 157.9868 0010599 279.2513  80.7434 15.55969846407160
MMS 1                   
1 40482U 15011A   21114.48286132  .00000104  00000-0  00000-0 0  9994
2 40482  33.0264 117.4738 8433824  31.3364  25.2706  0.28549503 12114
MMS 2                   
1 40483U 15011B   21114.62481102  .00000107  00000-0  00000+0 0  9997
2 40483  33.0252 117.4566 8433672  31.3497  39.8645  0.28550686 12082
MMS 3                   
1 40484U 15011C   21115.54939470  .00000094  00000-0  00000+0 0  9991
2 40484  33.0318 117.4508 8434363  31.3884 134.8025  0.28548102 12088
MMS 4                   
1 40485U 15011D   21115.54794060  .00000094  00000-0  00000+0 0  9996
2 40485  33.0354 117.4560 8431068  31.3918 134.6004  0.28538066 12087
TDRS 13                 
1 42915U 17047A   21118.74353005 -.00000111  00000-0  00000-0 0  9994
2 42915   5.0922 330.8967 0018671  98.8204  43.3361  1.00271533 13546
JPSS-1                  
1 43013U 17073A   21119.12641113  .00000006  00000-0  23528-4 0  9992
2 43013  98.7176  58.5261 0001296  98.3731 261.7592 14.19542824178443
