NOAA 15                 
1 25338U 98030A   21119.11103944  .00000063  00000-0  44735-4 0  9994
2 25338  98.6868 148.0665 0011439  67.8645 292.3748 14.26025292194217
DMSP 5D-3 F15 (USA 147) 
1 25991U 99067A   21119.13426826 -.00000073  00000-0 -13384-4 0  9998
2 25991  99.0135  99.6029 0008948 286.4540 205.2268 14.16456437105134
METEOSAT-8 (MSG-1)      
1 27509U 02040B   21118.19464462  .00000133  00000-0  00000-0 0  9995
2 27509   7.2848  52.7071 0002270 324.3041 310.9569  1.00277307 68446
DMSP 5D-3 F16 (USA 172) 
1 28054U 03048A   21119.17665295 -.00000069  00000-0 -12614-4 0  9994
2 28054  98.9516 103.7695 0008295  53.6497 305.3004 14.13646282904496
NOAA 18                 
1 28654U 05018A   21118.86483350  .00000082  00000-0  68879-4 0  9991
2 28654  98.9975 183.5237 0015134  64.9325 295.3415 14.12601378821447
METEOSAT-9 (MSG-2)      
1 28912U 05049B   21118.60290576  .00000014  00000-0  00000-0 0  9993
2 28912   5.1044  68.6769 0001057 283.1215  85.5207  1.00265935 56239
FORMOSAT-3 FM6          
1 29047U 06011A   21118.46870471 -.00000042  00000-0 -25927-6 0  9999
2 29047  71.9769 186.9948 0051984 239.4650 120.1350 14.28808617786293
FORMOSAT-3 FM1          
1 29048U 06011B   21119.12509992  .00000089  00000-0  51175-4 0  9992
2 29048  71.9651  96.1930 0044552 198.4652 161.4870 14.28770087788876
FORMOSAT-3 FM5          
1 29049U 06011C   21118.47899603  .00000088  00000-0  50734-4 0  9990
2 29049  72.0194 270.9529 0036062 222.7708 137.0622 14.28850743784572
FORMOSAT-3 FM3          
1 29050U 06011D   21118.47123052  .00000218  00000-0  55990-4 0  9994
2 29050  72.0178  24.8400 0048217 113.2577 247.3662 14.59054233802263
FORMOSAT-3 FM4          
1 29051U 06011E   21118.54158774  .00000071  00000-0  43236-4 0  9999
2 29051  72.0045 172.2752 0066399 100.3325 260.5306 14.28883704787155
FORMOSAT-3 FM2          
1 29052U 06011F   21118.65811908  .00000127  00000-0  65951-4 0  9997
2 29052  72.0343 247.1787 0040277 181.4688 178.6337 14.28992349784680
EWS-G1 (GOES 13)        
1 29155U 06018A   21118.85069699  .00000032  00000-0  00000-0 0  9997
2 29155   0.2349 272.1525 0002126 281.5497  31.0933  1.00271907 24566
METOP-A                 
1 29499U 06044A   21119.13397928  .00000014  00000-0  25322-4 0  9996
2 29499  98.4774 160.3601 0001791  88.5911   3.3187 14.21496996753739
DMSP 5D-3 F17 (USA 191) 
1 29522U 06050A   21119.14388940 -.00000013  00000-0  16231-4 0  9994
2 29522  98.7865 136.5426 0009871   7.5142 352.6177 14.14045125747349
FENGYUN 3A              
1 32958U 08026A   21118.69245745  .00000004  00000-0  21936-4 0  9997
2 32958  98.4468  94.7144 0009456 137.6174 222.5735 14.18654254669412
FENGYUN 2E              
1 33463U 08066A   21118.76307088 -.00000207  00000-0  00000-0 0  9991
2 33463   5.0058  67.3815 0003614 332.7634 178.1952  1.00269995 45284
NOAA 19                 
1 33591U 09005A   21119.10659427  .00000060  00000-0  57998-4 0  9991
2 33591  99.1873 138.5811 0012910 270.7705  89.1987 14.12463318629954
GOES 14                 
1 35491U 09033A   21119.04455983 -.00000099  00000-0  00000+0 0  9997
2 35491   0.1870 115.1378 0009509 101.0717 272.7797  1.00271695 43353
METEOR-M 1              
1 35865U 09049A   21118.90088294 -.00000005  00000-0  16796-4 0  9991
2 35865  98.4762  99.1059 0002530  21.4204 338.7080 14.22271422602757
DMSP 5D-3 F18 (USA 210) 
1 35951U 09057A   21119.14149252  .00000109  00000-0  80891-4 0  9996
2 35951  98.6781 104.9233 0010900 181.7477 178.3659 14.13350791594596
GOES 15                 
1 36411U 10008A   21118.63596451  .00000045  00000-0  00000-0 0  9995
2 36411   0.0773 206.2732 0004971 208.2738 263.6888  1.00283201 40874
COMS 1                  
1 36744U 10032A   21118.65716424 -.00000349  00000-0  00000-0 0  9995
2 36744   0.0809  93.6315 0001070 318.2433 169.7175  1.00270086 32287
FENGYUN 3B              
1 37214U 10059A   21119.13853108  .00000027  00000-0  36983-4 0  9997
2 37214  99.0781 112.2862 0018102  92.7539 267.5704 14.15984530542352
SUOMI NPP               
1 37849U 11061A   21119.09263322  .00000020  00000-0  30437-4 0  9994
2 37849  98.7344  58.4322 0001650  83.7945 287.2946 14.19558425492401
FENGYUN 2F              
1 38049U 12002A   21118.94089939 -.00000362  00000-0  00000-0 0  9995
2 38049   2.7969  82.3348 0003238  50.5399 174.9774  1.00280914 34083
METEOSAT-10 (MSG-3)     
1 38552U 12035B   21118.60412706  .00000060  00000-0  00000-0 0  9999
2 38552   1.2099   6.0700 0001431  55.5533  22.3509  1.00280973 32055
METOP-B                 
1 38771U 12049A   21119.17030520  .00000016  00000-0  27267-4 0  9999
2 38771  98.7192 179.8602 0002053 126.7569 245.4182 14.21475650446873
FENGYUN 3C              
1 39260U 13052A   21119.09160094  .00000005  00000-0  23643-4 0  9991
2 39260  98.5041 162.0529 0011869  33.7120 326.4813 14.15865925393283
METEOR-M 2              
1 40069U 14037A   21119.20566798 -.00000025  00000-0  78409-5 0  9992
2 40069  98.4656 150.1805 0007041  85.8257 274.3737 14.20683642353040
HIMAWARI-8              
1 40267U 14060A   21118.86160588 -.00000281  00000-0  00000-0 0  9997
2 40267   0.0409 148.7526 0000932 292.7547 226.3766  1.00271192 23951
FENGYUN 2G              
1 40367U 14090A   21118.45743877 -.00000304  00000-0  00000-0 0  9990
2 40367   0.9073  92.5312 0001949 326.9252  61.3119  1.00263953 23235
METEOSAT-11 (MSG-4)     
1 40732U 15034A   21118.74579819 -.00000005  00000-0  00000-0 0  9998
2 40732   0.1266 220.8057 0000513 253.9770  10.7804  1.00279444 21216
ELEKTRO-L 2             
1 41105U 15074A   21118.88642247 -.00000119  00000-0  00000+0 0  9993
2 41105   1.9601  93.0409 0000576  24.5641  44.1584  1.00271835 19716
HIMAWARI-9              
1 41836U 16064A   21118.86160588 -.00000280  00000-0  00000-0 0  9995
2 41836   0.0071 221.7866 0000894 211.3200 234.8697  1.00270038 16382
GOES 16                 
1 41866U 16071A   21118.37185431 -.00000252  00000-0  00000+0 0  9994
2 41866   0.0274 283.3173 0001525 134.3631 217.5560  1.00269875 16293
FENGYUN 4A              
1 41882U 16077A   21118.94120032 -.00000336  00000-0  00000-0 0  9991
2 41882   0.1513 285.9440 0002984 209.1260 165.5353  1.00276042 16175
CYGFM05                 
1 41884U 16078A   21118.52601101  .00000710  00000-0  38851-4 0  9993
2 41884  34.9562 262.3708 0016156 337.3966  22.6033 15.14979736241904
CYGFM04                 
1 41885U 16078B   21119.04817748  .00000704  00000-0  38001-4 0  9998
2 41885  34.9492 250.6074 0014314 354.4199   5.6351 15.15489356242062
CYGFM02                 
1 41886U 16078C   21118.51448460  .00000706  00000-0  38099-4 0  9990
2 41886  34.9584 255.8842 0015178 345.1472  14.8793 15.15487813241972
CYGFM01                 
1 41887U 16078D   21118.53509671  .00000678  00000-0  37391-4 0  9997
2 41887  34.9529 263.9579 0016608 337.6090  22.3895 15.14772875241881
CYGFM08                 
1 41888U 16078E   21118.70361678  .00000723  00000-0  39261-4 0  9999
2 41888  34.9499 257.3652 0015656 347.6592  12.3735 15.15190706241955
CYGFM06                 
1 41889U 16078F   21119.08756870  .00000731  00000-0  39405-4 0  9993
2 41889  34.9578 251.0156 0014076 349.7388  10.3035 15.15479949242068
CYGFM07                 
1 41890U 16078G   21118.67093012  .00000722  00000-0  38936-4 0  9999
2 41890  34.9517 252.5555 0013841 349.8763  10.1668 15.15477903241910
CYGFM03                 
1 41891U 16078H   21118.66822231  .00000700  00000-0  37803-4 0  9990
2 41891  34.9553 252.9231 0013428 347.8803  12.1584 15.15469801241906
FENGYUN 3D              
1 43010U 17072A   21119.16332334 -.00000006  00000-0  18206-4 0  9992
2 43010  98.7857  61.4397 0000263 242.0927 118.0230 14.19766761178998
NOAA 20                 
1 43013U 17073A   21119.12641113  .00000006  00000-0  23528-4 0  9992
2 43013  98.7176  58.5261 0001296  98.3731 261.7592 14.19542824178443
GOES 17                 
1 43226U 18022A   21118.71840611  .00000093  00000-0  00000-0 0  9993
2 43226   0.0296 279.4838 0000767 154.9766 263.8713  1.00272233 11603
FENGYUN 2H              
1 43491U 18050A   21118.76158788 -.00000133  00000-0  00000+0 0  9995
2 43491   0.1369 131.6647 0003920 350.2710  88.4381  1.00270146 10703
METOP-C                 
1 43689U 18087A   21119.13535046  .00000022  00000-0  29944-4 0  9991
2 43689  98.6901 180.2755 0003197 140.6443 219.4967 14.21493584128443
GEO-KOMPSAT-2A          
1 43823U 18100A   21118.86715994 -.00000349  00000-0  00000-0 0  9999
2 43823   0.0136 298.0924 0000864  41.6761 317.7081  1.00269998  8817
IOD-1 GEMS              
1 44385U 98067QK  21093.50661553  .29638396  12563-4  67402-3 0  9999
2 44385  51.6134 288.8339 0010480 272.4104  88.0595 16.45626205100081
METEOR-M2 2             
1 44387U 19038A   21119.20588292 -.00000031  00000-0  53644-5 0  9999
2 44387  98.6656  79.7366 0002361  56.7670 303.3740 14.23687780 94468
