APRIZESAT 2             
1 28366U 04025A   21118.50186017  .00000039  00000-0  25719-4 0  9997
2 28366  98.2255   2.3760 0108382 141.4889 219.4095 14.36736520882233
SAUDICOMSAT 1           
1 28369U 04025D   21119.12889964  .00000085  00000-0  31911-4 0  9992
2 28369  98.3844  74.7098 0033744   6.6296 353.5339 14.52615195891751
SAUDICOMSAT 2           
1 28370U 04025E   21118.61185067  .00000067  00000-0  30326-4 0  9999
2 28370  98.4765  72.0829 0057777 178.0183 182.1249 14.47540716888617
APRIZESAT 1             
1 28372U 04025G   21118.58917383  .00000029  00000-0  19326-4 0  9996
2 28372  98.4370  72.8138 0047538  98.5424 262.1161 14.49670739889995
NANOSAT-1               
1 28493U 04049B   21118.54176079  .00000158  00000-0  32021-4 0  9991
2 28493  98.1080 214.3406 0004830 162.7824 197.3549 14.73668879878762
SAUDICOMSAT 7           
1 31119U 07012C   21118.65610046  .00000096  00000-0  28523-4 0  9995
2 31119  98.1369  64.7971 0058990 310.9224  48.6878 14.61858598748105
SAUDICOMSAT 6           
1 31121U 07012E   21118.65438675  .00000108  00000-0  32491-4 0  9997
2 31121  98.1845  59.9477 0077524  44.2277 316.5083 14.58653610746470
SAUDICOMSAT 5           
1 31124U 07012H   21118.66047184  .00000095  00000-0  27431-4 0  9995
2 31124  98.1038  66.8996 0050198 261.0781  98.4737 14.63564950748914
SAUDICOMSAT 3           
1 31125U 07012J   21119.08900385  .00000107  00000-0  28654-4 0  9996
2 31125  98.0676  69.4422 0042455 209.9151 149.9626 14.65339952749895
SAUDICOMSAT 4           
1 31127U 07012L   21119.12942566  .00000112  00000-0  32508-4 0  9999
2 31127  98.1620  63.3878 0067893 353.9342   6.1028 14.60371816747461
APRIZESAT 4             
1 35684U 09041D   21118.98129602  .00000084  00000-0  18953-4 0  9992
2 35684  98.3067 113.5624 0045912 240.0865 119.5781 14.79360074633835
APRIZESAT 3             
1 35686U 09041F   21119.16690366  .00000218  00000-0  29432-4 0  9998
2 35686  98.1386 191.0697 0074110  98.8944 262.0671 14.87498903637062
AISSAT 1                
1 36797U 10035C   21118.45081128  .00000301  00000-0  40687-4 0  9996
2 36797  98.2119 282.7923 0012429  81.0706 279.1915 14.86479637584788
S-NET D                 
1 43186U 18014G   21118.96177288  .00001007  00000-0  92409-4 0  9993
2 43186  97.6808  27.4309 0009264 243.7968 116.2302 14.97033624176892
S-NET B                 
1 43187U 18014H   21118.49379160  .00001020  00000-0  93505-4 0  9998
2 43187  97.6804  26.9395 0009259 245.4176 114.6081 14.97032183176820
S-NET A                 
1 43188U 18014J   21118.56064309  .00001014  00000-0  93019-4 0  9996
2 43188  97.6808  27.0477 0009251 245.3052 114.7207 14.97030988176835
S-NET C                 
1 43189U 18014K   21118.49428287  .00001014  00000-0  93060-4 0  9994
2 43189  97.6805  26.9330 0009245 245.4767 114.5491 14.97031196175379
SALSAT                  
1 46495U 20068K   21118.94358421  .00000352  00000-0  30386-4 0  9997
2 46495  97.6914  56.7433 0015024 236.6115 123.3672 15.03428088 31894
